x y z vx vy vz
0 0 0.0115165 0 0 0 
0.0615788 0.014562 0.0843483 -0.0142735 0.0603588 0 
0.0780446 0.0437841 -0.419299 -0.0398731 0.0710734 0 
0.100192 -0.0444258 -0.0978391 0.0431681 0.0973553 0 
0.125136 -0.0188955 -0.26696 0.0176747 0.117051 0 
-0.132883 0.0486027 -0.505813 -0.0430413 -0.117677 0 
-0.000107452 0.154997 -0.191151 -0.146441 -0.000101521 0 
0.151446 0.071359 0.142972 -0.0678963 0.144097 0 
0.172115 -0.0490752 -0.0290719 0.0476496 0.167116 0 
-0.112707 -0.152752 -0.234148 0.141784 -0.104614 0 
-0.14966 0.132823 0.2035 -0.12372 -0.139403 0 
0.00504074 0.209806 -0.150131 -0.197033 0.00473386 0 
0.217066 -0.0305007 0.0312731 0.0292617 0.208248 0 
-0.0414661 0.224349 0.0457992 -0.213993 -0.039552 0 
0.234549 -0.032294 0.4443 0.028245 0.205141 0 
0.0171986 0.244467 0.366969 -0.216829 0.0152543 0 
0.155433 -0.199761 -0.199688 0.183056 0.142435 0 
-0.0384951 0.258043 -0.273531 -0.232172 -0.0346357 0 
0.026203 0.267181 -0.412034 -0.232695 0.022821 0 
0.152553 -0.229791 -0.00590403 0.217239 0.14422 0 
0.14511 0.242947 -0.0863639 -0.225347 0.134598 0 
0.104852 -0.270352 -0.162914 0.246176 0.0954759 0 
0.285195 0.0821713 -0.167425 -0.074547 0.258733 0 
0.200761 0.227568 0.0142888 -0.212409 0.187388 0 
-0.299458 0.0801312 0.215297 -0.0715814 -0.267507 0 
0.0810323 -0.305833 -0.226763 0.271802 0.0720156 0 
0.180107 0.267704 0.0435922 -0.246374 0.165756 0 
0.306913 0.117951 -0.482082 -0.0986814 0.256772 0 
0.00088638 0.33483 -0.0984705 -0.303092 0.000802361 0 
-0.00360219 0.340739 -0.460635 -0.284882 -0.00301169 0 
0.335892 0.085422 0.0944638 -0.0769729 0.302669 0 
0.35047 -0.0359859 0.261385 0.0312395 0.304244 0 
0.0154742 -0.357615 -0.213477 0.31275 0.0135328 0 
0.0226411 0.362794 0.227183 -0.315531 0.0196915 0 
-0.345977 0.128202 -0.247166 -0.11074 -0.298853 0 
-0.0907231 -0.363193 0.331496 0.307346 -0.0767727 0 
-0.275837 -0.26088 -0.204218 0.226188 -0.239156 0 
0.271911 -0.27242 0.273338 0.23218 0.231747 0 
-0.278534 -0.273077 0.200353 0.235718 -0.240428 0 
-0.391907 -0.0506492 -0.27932 0.0428889 -0.33186 0 
-0.140978 0.374547 0.289317 -0.315669 -0.118817 0 
-0.400037 -0.0642978 0.479016 0.0518739 -0.32274 0 
0.286651 -0.293256 0.38783 0.240743 0.235321 0 
0.374331 -0.17902 -0.142747 0.154376 0.3228 0 
0.314916 0.277496 -0.146866 -0.238481 0.270641 0 
0.000876034 0.424475 -0.065012 -0.370005 0.000763617 0 
-0.322166 -0.283537 0.226139 0.238476 -0.270966 0 
0.429484 0.061091 -0.340133 -0.0500284 0.351711 0 
-0.438324 -0.0080324 0.0039477 0.00703465 -0.383877 0 
-0.20783 0.391156 0.122938 -0.333569 -0.177233 0 
0.321716 0.310965 -0.0196609 -0.270122 0.279461 0 
0.451242 -0.0241932 -0.153127 0.0204014 0.380518 0 
-0.40797 0.204375 0.286518 -0.167183 -0.333728 0 
0.331562 -0.319811 0.128934 0.269689 0.279598 0 
-0.46295 -0.0435176 -0.078334 0.036987 -0.393476 0 
-0.464332 -0.0679441 0.26938 0.0553696 -0.378397 0 
-0.456087 0.127313 0.234329 -0.104263 -0.373513 0 
-0.445692 -0.172008 0.00440901 0.147301 -0.381674 0 
-0.268996 -0.399842 0.0115916 0.341083 -0.229466 0 
-0.394698 -0.283636 0.623535 0.211758 -0.294674 0 
-0.478473 -0.106318 -0.0877276 0.0888768 -0.399982 0 
0.332532 -0.365604 -0.309401 0.291132 0.264797 0 
-0.483799 0.119109 -0.0958631 -0.0989266 -0.40182 0 
0.221549 0.450742 0.251344 -0.361626 0.177747 0 
-0.485632 -0.142889 -0.369038 0.11153 -0.379053 0 
0.482843 -0.16469 0.404413 0.12726 0.373106 0 
0.314708 0.406476 0.232357 -0.32508 0.251688 0 
0.512005 0.0782259 0.262303 -0.0620211 0.405941 0 
0.251221 0.457341 0.291416 -0.359522 0.197488 0 
0.416724 0.320339 -0.217659 -0.255166 0.331941 0 
-0.510637 0.139751 -0.23782 -0.110589 -0.404082 0 
0.317416 0.428405 -0.18035 -0.342298 0.253617 0 
0.329745 0.423741 0.0929608 -0.343906 0.26762 0 
0.463941 -0.277581 -0.127711 0.223168 0.372997 0 
-0.132317 0.528004 0.196866 -0.417507 -0.104626 0 
0.43481 0.333527 0.0606924 -0.270579 0.352747 0 
0.400646 -0.379192 0.0824641 0.305564 0.322853 0 
-0.485782 0.268932 -0.237521 -0.209398 -0.378244 0 
-0.364544 -0.42358 -0.0298733 0.343404 -0.295542 0 
-0.450146 0.337172 0.0137819 -0.27361 -0.365287 0 
-0.564335 -0.0429739 0.155394 0.0338052 -0.443931 0 
-0.0883032 -0.562607 0.233067 0.434489 -0.0681946 0 
0.566426 0.0865422 -0.0151783 -0.0697314 0.456398 0 
0.367252 -0.444363 0.142375 0.348122 0.287713 0 
0.0319957 -0.579062 0.321227 0.435963 0.0240889 0 
0.338924 0.474838 0.0994718 -0.3736 0.266664 0 
0.584342 0.0537497 0.254283 -0.0408625 0.444238 0 
-0.460226 0.369514 -0.254407 -0.280285 -0.349092 0 
-0.543313 -0.239089 -0.241685 0.181437 -0.412302 0 
0.447834 0.394716 0.00492805 -0.313745 0.355966 0 
-0.0541486 0.597853 -0.123515 -0.462904 -0.041926 0 
0.444889 0.407968 -0.179947 -0.311537 0.339732 0 
0.347036 0.49793 0.064957 -0.388452 0.270734 0 
0.28131 0.541514 -0.176843 -0.411971 0.214014 0 
-0.553163 -0.265305 0.151222 0.202467 -0.422146 0 
0.550974 0.277143 0.154238 -0.21091 0.419299 0 
0.588359 0.195494 0.105723 -0.149937 0.451251 0 
0.430077 -0.451023 0.766105 0.298597 0.28473 0 
-0.625931 0.0245488 -0.042459 -0.0189892 -0.484174 0 
-0.445728 0.44466 0.422785 -0.316886 -0.317647 0 
0.631784 0.0353462 0.175103 -0.0264955 0.473585 0 
-0.609662 -0.180878 -0.295508 0.13192 -0.444644 0 
0.585468 -0.256194 -0.33233 0.184992 0.422753 0 
-0.404697 0.498631 -0.341178 -0.358603 -0.291048 0 
-0.604142 -0.226778 0.029951 0.17362 -0.462527 0 
0.628632 0.158878 -0.0522557 -0.120834 0.478103 0 
-0.120088 0.640315 0.108812 -0.480406 -0.0900978 0 
-0.453474 -0.472006 0.704687 0.310334 -0.298149 0 
-0.293171 0.588628 -0.120447 -0.438728 -0.218512 0 
-0.334849 -0.569484 0.125799 0.423107 -0.248781 0 
0.65383 -0.113782 -0.296573 0.0814043 0.467776 0 
0.619437 -0.24646 -0.187915 0.180025 0.452465 0 
-0.358778 -0.565444 0.139236 0.416338 -0.26417 0 
0.494008 -0.456518 -0.0951649 0.338482 0.366279 0 
0.215382 -0.640365 -0.281733 0.455792 0.153302 0 
0.294393 0.611386 0.0441785 -0.456136 0.219637 0 
-0.47612 0.487621 0.0121148 -0.365401 -0.356782 0 
-0.590554 0.345997 0.0027442 -0.25923 -0.442459 0 
-0.298094 0.619364 0.222444 -0.442738 -0.213086 0 
-0.450845 0.5227 -0.0440867 -0.3868 -0.333627 0 
-0.63451 -0.279066 -0.227704 0.198455 -0.451226 0 
0.370871 -0.589016 -0.560174 0.388903 0.244871 0 
-0.650029 -0.256808 -0.276684 0.180023 -0.45567 0 
-0.649807 0.265034 0.423054 -0.179669 -0.440511 0 
0.108971 -0.696148 -0.153204 0.498746 0.0780706 0 
0.632307 0.317314 0.0312894 -0.232587 0.463473 0 
-0.29782 -0.644832 -0.0888433 0.466246 -0.215339 0 
-0.549417 -0.454587 -0.477242 0.302092 -0.365111 0 
0.446581 -0.559534 0.008048 0.409593 0.326908 0 
-0.717765 0.0364678 0.15513 -0.0258575 -0.508931 0 
-0.178076 -0.699149 0.0597595 0.504491 -0.128496 0 
0.699602 0.187299 0.0322851 -0.135635 0.506626 0 
-0.256243 -0.680344 -0.281158 0.467078 -0.175918 0 
0.144355 0.715328 -0.255606 -0.492786 0.0994457 0 
-0.726563 -0.0929635 -0.243666 0.0640778 -0.500805 0 
0.509082 0.530449 -0.166859 -0.370807 0.355871 0 
0.595791 -0.435405 0.261226 0.297844 0.407558 0 
-0.661148 -0.333815 0.0254039 0.239249 -0.473852 0 
-0.743249 0.0115238 -0.0787693 -0.00815485 -0.525961 0 
-0.0589802 -0.743692 -0.222867 0.509879 -0.0404371 0 
0.589483 -0.461596 -0.228014 0.315522 0.40294 0 
0.716914 -0.224942 -0.101513 0.157532 0.50207 0 
-0.04999 0.752376 0.253659 -0.509561 -0.0338567 0 
-0.314839 0.688076 0.0799693 -0.482144 -0.220611 0 
-0.309772 -0.693266 0.378459 0.455439 -0.203504 0 
-0.570943 -0.504583 0.488011 0.323012 -0.365492 0 
-0.47171 0.601726 0.0631109 -0.420674 -0.329778 0 
-0.735789 -0.217264 -0.1907 0.147687 -0.500157 0 
0.484245 -0.598414 -0.163275 0.408324 0.330421 0 
-0.512469 0.577903 0.228764 -0.388257 -0.344296 0 
0.318088 0.706697 -0.0492939 -0.49172 0.221326 0 
-0.459882 -0.626988 -0.0159339 0.438376 -0.321539 0 
0.154667 -0.764648 0.353797 0.497453 0.100621 0 
-0.393071 0.676836 -0.287146 -0.44581 -0.258903 0 
-0.729176 -0.291409 -0.0121201 0.202765 -0.507368 0 
0.75843 0.213082 0.297614 -0.139519 0.496596 0 
-0.738997 0.280193 0.0902125 -0.191199 -0.504279 0 
0.159854 -0.776579 0.0246302 0.536012 0.110335 0 
-0.690638 -0.394527 0.0965119 0.267883 -0.468942 0 
-0.179841 -0.777363 0.40585 0.493623 -0.114198 0 
0.510721 0.616283 -0.104641 -0.416231 0.344936 0 
-0.346715 0.724178 -0.751616 -0.423687 -0.202849 0 
0.296412 -0.748858 0.264974 0.487423 0.192931 0 
-0.619674 -0.518321 -0.249404 0.337863 -0.403929 0 
-0.555843 -0.589656 0.205282 0.387229 -0.365024 0 
-0.80412 -0.118539 -0.145309 0.0786758 -0.533706 0 
-0.197508 0.790984 0.220893 -0.515881 -0.128815 0 
0.714512 -0.397669 -0.681362 0.233949 0.420348 0 
0.302353 -0.762401 -0.49028 0.467525 0.185411 0 
-0.611647 -0.550058 0.0488059 0.369668 -0.411059 0 
0.808288 0.165384 0.185936 -0.107875 0.527222 0 
-0.780764 0.274031 0.34813 -0.172412 -0.491234 0 
0.468427 -0.685029 -0.17774 0.445992 0.304972 0 
0.58204 0.594914 -0.0829181 -0.394237 0.385706 0 
-0.412445 -0.725662 -0.00486391 0.487651 -0.277166 0 
0.71447 -0.436158 0.0784774 0.288272 0.472218 0 
0.0593723 0.837365 -0.0142574 -0.559677 0.0396832 0 
0.81016 -0.228799 0.407569 0.140613 0.4979 0 
0.629476 0.562559 0.0437485 -0.372467 0.416773 0 
0.795525 0.289581 -0.0757906 -0.190157 0.522392 0 
0.331165 0.781697 0.44472 -0.474025 0.20082 0 
0.457898 0.717673 -0.13347 -0.464126 0.296127 0 
0.85174 0.0571663 0.117438 -0.0370273 0.551683 0 
-0.673647 0.52814 0.0171111 -0.348507 -0.444524 0 
-0.12602 -0.849032 -0.0138472 0.559653 -0.0830684 0 
0.756484 0.410455 0.117295 -0.264487 0.487461 0 
-0.440367 0.742173 -0.147463 -0.474466 -0.281524 0 
0.834541 0.228671 0.193204 -0.144561 0.527579 0 
-0.278501 -0.8217 -0.222533 0.515407 -0.174688 0 
-0.750224 0.440365 0.400197 -0.26549 -0.4523 0 
0.742122 0.458274 0.0149934 -0.298914 0.484056 0 
0.576608 -0.657486 -0.131901 0.418081 0.366653 0 
-0.678446 0.55541 0.0069165 -0.361626 -0.441734 0 
-0.712834 0.514432 -0.240503 -0.318735 -0.441661 0 
-0.301038 0.828343 0.15146 -0.521947 -0.189687 0 
-0.573192 -0.672482 -0.0918997 0.428219 -0.364994 0 
0.812544 -0.352927 -0.170706 0.220754 0.508243 0 
0.764306 -0.452355 -0.0765876 0.287976 0.486569 0 
0.886311 -0.0851233 0.0168116 0.0547568 0.570132 0 
-0.799565 0.396853 0.208373 -0.245058 -0.493733 0 
-0.751668 -0.485588 -0.15107 0.302931 -0.468925 0 
-0.887607 0.130223 -0.344657 -0.0778655 -0.530738 0 
0.866788 -0.239766 -0.0411684 0.152459 0.55116 0 
0.332513 -0.838002 0.245693 0.510032 0.202377 0 
-0.197446 -0.881948 0.312084 0.528408 -0.118297 0 
-0.517121 -0.743913 -0.328392 0.443423 -0.308239 0 
-0.249496 -0.873256 -0.147393 0.539798 -0.154225 0 
0.760416 -0.500595 -0.192818 0.30604 0.464881 0 
-0.179038 -0.894862 -0.408156 0.521712 -0.104381 0 
0.862331 -0.305324 0.343422 0.180221 0.509 0 
0.792645 -0.461037 -0.24282 0.277558 0.477195 0 
0.784789 0.478488 0.323314 -0.282729 0.463715 0 
0.691989 0.608276 -0.324646 -0.358731 0.408101 0 
0.608662 -0.694539 0.143187 0.424812 0.372286 0 
0.717186 0.585236 -0.265022 -0.348414 0.426969 0 
0.245912 -0.894644 0.616117 0.492327 0.135327 0 
0.92375 -0.107478 0.0887681 0.066154 0.568577 0 
-0.571618 0.736289 0.163731 -0.445559 -0.345909 0 
-0.886042 -0.296316 -0.00494661 0.184903 -0.552896 0 
-0.873455 -0.337568 0.110328 0.205871 -0.532689 0 
0.385531 -0.855714 -0.0716567 0.525156 0.236603 0 
0.0166049 -0.940537 0.0205458 0.582269 0.0102798 0 
0.580231 0.743116 0.136403 -0.448631 0.350295 0 
-0.862335 0.386356 0.232918 -0.228258 -0.509465 0 
-0.797743 0.510394 0.0401225 -0.313238 -0.489589 0 
-0.635093 -0.705378 0.108307 0.426276 -0.383802 0 
-0.301481 -0.902227 0.201922 0.533959 -0.178423 0 
-0.279905 0.911352 -0.233194 -0.535001 -0.164316 0 
0.892172 0.341968 0.371844 -0.194604 0.507709 0 
0.273068 0.917797 0.0609644 -0.556501 0.165574 0 
0.935447 -0.214149 0.342995 0.122242 0.533978 0 
0.776802 0.567013 0.225931 -0.331285 0.453856 0 
0.813202 0.517331 -0.147175 -0.306765 0.48221 0 
0.397206 -0.880432 0.42371 0.49156 0.221767 0 
0.962048 0.106778 0.0217841 -0.0647512 0.583396 0 
-0.946829 0.210846 -0.0945831 -0.125795 -0.564896 0 
0.605163 0.760738 0.309526 -0.433313 0.344698 0 
-0.974123 0.00578376 0.461693 -0.00318261 -0.536028 0 
0.228445 -0.949087 0.278417 0.542506 0.130581 0 
0.287834 -0.934938 0.384812 0.521574 0.160574 0 
-0.555528 0.807681 -0.0460214 -0.482917 -0.332153 0 
-0.218805 0.957648 -0.100949 -0.565369 -0.129176 0 
0.613334 0.769929 0.102948 -0.453666 0.361396 0 
-0.986321 -0.0120232 -0.0822397 0.00710354 -0.58274 0 
-0.567615 -0.809191 0.264098 0.459709 -0.322467 0 
-0.269438 -0.953092 0.297249 0.536854 -0.151768 0 
0.68757 0.715704 0.37616 -0.395775 0.380217 0 
0.504011 0.857299 0.210878 -0.49028 0.288238 0 
0.143015 0.986174 -0.189502 -0.565646 0.08203 0 
0.944697 -0.323333 0.0414796 0.190875 0.557688 0 
-0.987971 -0.157843 0.139227 0.0912066 -0.570879 0 
-0.521711 -0.856051 0.0841536 0.499506 -0.304419 0 
-0.474842 0.885174 -0.228604 -0.500574 -0.268527 0 
0.965703 -0.283604 -0.246575 0.159538 0.543244 0 
0.867592 -0.514102 0.0980182 0.297796 0.502557 0 
-0.845249 -0.553693 0.0985479 0.320218 -0.488834 0 
-0.680666 -0.749479 0.371859 0.40867 -0.371149 0 
0.00194801 -1.01441 0.478255 0.539614 0.00103624 0 
-0.888342 -0.493844 0.286713 0.273423 -0.491842 0 
-0.718431 0.721729 0.183086 -0.407778 -0.405915 0 
0.521712 0.876845 0.382552 -0.474205 0.282146 0 
-0.646624 0.791784 0.165882 -0.447638 -0.365571 0 
0.73372 -0.714636 -0.144251 0.405235 0.416056 0 
-0.977813 -0.311344 0.329326 0.16957 -0.532556 0 
0.218065 1.00474 -0.056632 -0.578325 0.125518 0 
-0.42279 -0.939313 -0.258677 0.517812 -0.23307 0 
0.407433 0.94819 -0.218016 -0.526421 0.226201 0 
-0.730948 -0.731289 -0.211099 0.405998 -0.405809 0 
0.424141 0.945081 -0.00166194 -0.546844 0.245417 0 
-0.793382 -0.669045 0.286205 0.364558 -0.432309 0 
0.480259 0.922189 -0.234379 -0.507286 0.264185 0 
0.298297 0.99805 0.137485 -0.559372 0.167185 0 
-0.0315596 1.04312 -0.00966012 -0.599136 -0.0181269 0 
0.882005 0.561392 0.189408 -0.310387 0.48765 0 
-0.48946 -0.926027 0.0492874 0.526148 -0.2781 0 
0.850936 0.61401 0.0236504 -0.350172 0.485292 0 
-0.916415 0.515062 0.228882 -0.281225 -0.500365 0 
-0.941711 -0.471476 -0.371147 0.249396 -0.498135 0 
0.421967 0.966984 -0.281336 -0.520686 0.227214 0 
-0.0314029 -1.05647 -0.0545193 0.595371 -0.017697 0 
0.811789 0.679794 0.161868 -0.374249 0.446917 0 
-0.364651 -0.996069 0.0341636 0.562048 -0.205761 0 
0.331016 -1.00973 0.256258 0.543507 0.178176 0 
-0.60725 -0.874288 -0.464435 0.449317 -0.31208 0 
1.05556 -0.151423 0.230596 0.0817168 0.569643 0 
0.700192 -0.806766 0.372024 0.421876 0.366146 0 
0.757964 0.755405 0.0440018 -0.422424 0.423855 0 
1.04955 0.218172 -0.0889484 -0.120727 0.580773 0 
-0.27399 1.03831 0.142352 -0.567513 -0.149756 0 
1.0743 -0.0550787 0.154965 0.0299847 0.584846 0 
-0.547824 0.927928 0.356931 -0.48343 -0.285405 0 
-1.07877 -0.0377239 -0.122419 0.0206173 -0.589582 0 
0.925907 0.55845 0.429458 -0.285602 0.473527 0 
0.339794 1.02845 0.477415 -0.519733 0.171717 0 
1.06185 -0.222836 0.316924 0.116447 0.554885 0 
-0.863622 -0.659801 -0.305038 0.345189 -0.451822 0 
-1.06812 -0.210477 -0.194902 0.112544 -0.571133 0 
-0.1373 1.08182 -0.308441 -0.564015 -0.0715822 0 
0.610333 0.905918 -0.448275 -0.457601 0.308294 0 
0.205365 1.07472 -0.181539 -0.573894 0.109664 0 
-0.617033 0.905799 0.172286 -0.483959 -0.329674 0 
0.310234 1.05307 0.26572 -0.551004 0.162326 0 
-0.29835 -1.05839 -0.115693 0.570561 -0.160835 0 
-0.813482 0.742603 0.356112 -0.380103 -0.416382 0 
0.67403 -0.873442 -0.398169 0.442424 0.341416 0 
-1.04161 -0.36914 0.099573 0.198844 -0.561082 0 
0.149852 1.09671 0.19413 -0.578579 0.0790558 0 
0.221137 -1.08643 -0.218701 0.569457 0.11591 0 
0.409054 -1.03243 -0.00728941 0.56432 0.223587 0 
-0.0614386 -1.11061 0.0537075 0.600605 -0.0332251 0 
-0.186171 -1.09845 -0.000572638 0.599601 -0.101624 0 
0.979561 0.534514 0.089678 -0.286188 0.524474 0 
0.661144 0.901187 0.0620791 -0.484575 0.355502 0 
0.990087 -0.522476 -0.0129335 0.283357 0.536959 0 
-1.11491 -0.119335 -0.199688 0.0622128 -0.581235 0 
-0.959092 0.584297 -0.407426 -0.291043 -0.477731 0 
-0.387386 1.05603 -0.143174 -0.555545 -0.203792 0 
0.0370648 1.12601 -0.120171 -0.594377 0.0195651 0 
-1.08245 -0.318712 0.266083 0.16299 -0.553566 0 
0.407223 1.05425 0.0882176 -0.558665 0.215794 0 
0.174197 1.11845 0.365054 -0.558545 0.0869926 0 
0.483111 -1.02562 0.15556 0.53463 0.251834 0 
1.09406 0.303838 0.404737 -0.15004 0.540265 0 
-1.13597 0.0534787 -0.500866 -0.0258223 -0.548507 0 
-0.870793 0.734178 -0.292272 -0.37045 -0.439383 0 
1.13851 -0.0714247 0.121108 0.0373009 0.594576 0 
-0.379747 1.07754 0.393741 -0.530599 -0.186993 0 
0.126968 1.13718 -0.229825 -0.57914 0.0646619 0 
-0.798178 0.822329 -0.41693 -0.401843 -0.390041 0 
-0.897899 -0.714909 0.0888709 0.373872 -0.469569 0 
-0.336925 1.099 -0.246099 -0.555618 -0.170338 0 
1.0772 -0.40617 0.403776 0.198279 0.525852 0 
-0.99067 0.589833 0.076734 -0.308027 -0.517355 0 
0.227018 -1.13216 -0.032881 0.595746 0.119457 0 
1.08419 0.402336 -0.0770125 -0.209559 0.564706 0 
0.898388 0.730917 0.332178 -0.360507 0.443108 0 
-0.969558 0.636635 0.0661009 -0.331478 -0.504823 0 
0.949734 -0.668846 -0.00556133 0.352072 0.499929 0 
-1.10535 -0.362719 -0.329331 0.178326 -0.543428 0 
1.06584 -0.470463 -0.483096 0.223397 0.50611 0 
-1.05186 0.504924 0.11467 -0.258987 -0.539524 0 
1.10735 -0.373026 0.438073 0.178441 0.52971 0 
-0.426863 1.08957 0.165849 -0.551607 -0.216104 0 
-0.454991 1.07998 -0.472008 -0.511478 -0.215483 0 
0.898175 -0.75542 0.0756807 0.38859 0.462023 0 
1.15047 -0.240397 -0.271396 0.118596 0.567568 0 
-1.00433 0.61376 -0.015089 -0.318799 -0.52167 0 
-0.690905 -0.955008 0.255341 0.471549 -0.341144 0 
1.14238 -0.297238 -0.0838559 0.151879 0.583723 0 
0.28546 1.14713 0.118923 -0.581238 0.144639 0 
-0.440248 1.0989 0.00206392 -0.569417 -0.228123 0 
-0.829302 -0.847151 -0.413083 0.402365 -0.393888 0 
1.18604 0.0522065 0.174026 -0.0260559 0.591943 0 
0.541946 -1.05816 -0.193517 0.525335 0.269054 0 
-0.683233 0.974992 0.022487 -0.500645 -0.350831 0 
-0.973436 0.688363 -0.135739 -0.344994 -0.487867 0 
-0.844175 -0.844271 -0.248478 0.412813 -0.412766 0 
0.8895 0.798886 -0.169284 -0.396642 0.441631 0 
1.17473 -0.231197 0.113992 0.115958 0.589191 0 
1.19089 0.138607 -0.477607 -0.0642661 0.552167 0 
-1.16501 -0.290143 0.120369 0.144975 -0.582121 0 
0.485081 -1.10006 0.101154 0.551155 0.243035 0 
1.20296 -0.0482514 0.0243995 0.0245236 0.611402 0 
1.15942 0.330457 0.445558 -0.153549 0.538731 0 
-0.756519 0.940817 0.172746 -0.462776 -0.372122 0 
1.20644 -0.0771549 -0.390679 0.0361939 0.565952 0 
0.907459 0.801239 -0.0238879 -0.405283 0.459011 0 
-0.732973 -0.965515 -0.00995138 0.489149 -0.371339 0 
-0.646201 -1.02757 0.186544 0.501554 -0.315409 0 
-1.15834 -0.368426 0.0604917 0.184313 -0.579483 0 
0.775632 -0.938018 0.0155804 0.472958 0.391081 0 
-0.745827 0.963965 -0.0353261 -0.48353 -0.374111 0 
1.17754 0.320764 -0.16594 -0.156475 0.574427 0 
-1.13609 0.450325 -0.224147 -0.216771 -0.546874 0 
0.713155 -0.994438 -0.0723762 0.493306 0.353771 0 
0.168357 -1.21374 -0.0623517 0.602593 0.0835857 0 
-0.518535 -1.11204 -0.247432 0.53077 -0.247494 0 
1.14979 -0.432994 0.547479 0.193386 0.513528 0 
1.22001 0.15842 -0.381436 -0.0733056 0.564532 0 
0.405991 -1.16305 0.0580629 0.575171 0.200777 0 
0.978086 -0.751578 0.0899615 0.368844 0.480004 0 
-1.09014 0.58062 -0.170964 -0.27991 -0.525544 0 
0.552999 -1.10622 -0.0525432 0.545725 0.272808 0 
1.23835 -0.00390734 -0.0964046 0.00190823 0.604775 0 
-1.23256 -0.135361 -0.164743 0.0651079 -0.592857 0 
-1.22692 -0.190257 -0.208275 0.0905817 -0.58414 0 
1.20497 0.305926 -0.0982802 -0.148819 0.586164 0 
0.348696 1.19497 -0.236569 -0.564236 0.164645 0 
-1.19755 0.345582 0.0314282 -0.170002 -0.58911 0 
0.984466 -0.767063 0.210302 0.363329 0.466305 0 
-0.0467306 1.24875 -0.234329 -0.587829 -0.0219977 0 
0.254437 1.22508 0.0578034 -0.597349 0.124063 0 
1.10063 -0.598489 -0.0726067 0.290608 0.534432 0 
1.24934 -0.112745 0.263576 0.0525624 0.582452 0 
0.789419 -0.976932 0.0357021 0.476808 0.385289 0 
0.745776 1.01262 0.0640864 -0.490829 0.361486 0 
-1.18691 -0.420504 0.283174 0.19455 -0.549136 0 
1.23505 -0.253469 0.152146 0.120387 0.586597 0 
-0.66583 1.0725 0.0200056 -0.522674 -0.324486 0 
0.988993 0.787077 0.0768086 -0.378761 0.475928 0 
1.26009 0.117313 -0.152811 -0.0555183 0.596338 0 
1.21216 -0.369166 -0.0160512 0.17943 0.589156 0 
-0.763337 -1.01337 -0.455421 0.448602 -0.337916 0 
0.0384656 1.2697 0.0627792 -0.609933 0.0184779 0 
-0.942324 -0.854191 0.0276717 0.412777 -0.455366 0 
-0.951558 0.846261 -0.0401807 -0.407449 -0.458146 0 
-1.27422 0.0447178 0.19605 -0.0208298 -0.593536 0 
1.1463 0.5618 -0.00403113 -0.271838 0.554662 0 
-0.626149 -1.11426 -0.309642 0.505598 -0.284117 0 
0.0179013 -1.27958 0.357333 0.574054 0.00803101 0 
0.109245 1.2766 0.176662 -0.594329 0.0508595 0 
1.17138 0.522988 -0.199468 -0.242054 0.542148 0 
1.22246 -0.393997 0.250385 0.180215 0.559156 0 
1.00088 -0.807401 -0.262008 0.367985 0.456166 0 
1.25119 0.303608 0.314534 -0.136685 0.56329 0 
-1.09543 0.679484 -0.0972961 -0.319728 -0.515448 0 
-0.600076 -1.14262 0.422481 0.501426 -0.263337 0 
-1.02621 -0.785212 0.0645533 0.371108 -0.48501 0 
0.503146 1.19185 0.126832 -0.555563 0.234533 0 
0.722634 1.07493 0.0237109 -0.51109 0.343586 0 
-1.20654 -0.475339 -0.327512 0.211971 -0.538039 0 
-0.439926 -1.22154 0.247083 0.553484 -0.199333 0 
1.29888 -0.0509071 0.612139 0.0212709 0.542721 0 
-0.313136 -1.26319 0.0448008 0.595384 -0.147592 0 
0.678699 -1.11223 0.0888487 0.518997 0.316698 0 
1.30396 0.0371851 0.0327229 -0.0175303 0.614732 0 
1.20137 -0.512261 -0.286351 0.228912 0.536852 0 
-1.29159 0.203749 -0.214884 -0.0923263 -0.585267 0 
-1.3084 -0.0425789 0.171663 0.0194469 -0.597577 0 
1.2583 0.366602 -0.322703 -0.162019 0.556104 0 
-1.31213 -0.00678846 0.178604 0.00308917 -0.597098 0 
-0.199129 1.29849 -0.0883742 -0.601287 -0.0922101 0 
1.20598 -0.524741 0.172736 0.238554 0.548251 0 
-1.21611 0.504776 0.437649 -0.216646 -0.521947 0 
0.718542 1.10519 0.0983961 -0.509049 0.330961 0 
1.17264 -0.605526 -0.234468 0.270866 0.524548 0 
0.0983021 -1.3176 -0.304829 0.580058 0.0432762 0 
1.30214 -0.232744 0.0703799 0.107461 0.601219 0 
-0.172145 1.31306 0.0179848 -0.612033 -0.080239 0 
-0.891241 0.981553 -0.381882 -0.423635 -0.384657 0 
1.19559 0.576481 0.164078 -0.260259 0.539761 0 
-0.256221 -1.30389 0.40705 0.55847 -0.109743 0 
1.33004 0.0276795 -0.485249 -0.011641 0.559365 0 
-0.791234 1.07132 -0.16924 -0.481571 -0.35567 0 
0.534506 -1.22151 -0.341534 0.528927 0.231447 0 
0.0693476 -1.33303 -0.308859 0.58064 0.0302063 0 
-1.19303 -0.602048 -0.0446014 0.276713 -0.54834 0 
-0.659263 1.16411 0.525182 -0.482639 -0.273329 0 
-0.918698 0.974571 0.233318 -0.429946 -0.405297 0 
0.326445 1.30047 -0.554372 -0.534506 0.134172 0 
0.00489385 -1.3423 0.152233 0.600958 0.00219101 0 
-1.1983 -0.608182 0.0356174 0.278539 -0.548804 0 
0.441336 -1.27084 -0.234577 0.558103 0.193817 0 
-0.911806 -0.991173 -0.399338 0.419786 -0.386172 0 
0.775944 -1.1026 0.293689 0.477193 0.33582 0 
0.261489 -1.32418 0.35084 0.565527 0.111676 0 
-0.910201 0.998679 -0.253685 -0.434964 -0.396429 0 
0.942236 0.970578 0.00535564 -0.44437 0.431394 0 
0.479679 1.26639 -0.0655747 -0.572207 0.216739 0 
0.257613 1.33097 -0.0107434 -0.607425 0.117569 0 
-0.957663 0.961625 -0.373127 -0.406559 -0.404884 0 
-0.379306 -1.3046 0.0809884 0.585768 -0.17031 0 
0.048455 1.35923 0.0494344 -0.613565 0.0218729 0 
1.04775 -0.869523 0.0190318 0.394503 0.475366 0 
1.30003 0.409625 -0.0154766 -0.185784 0.589624 0 
0.877077 -1.04527 0.64077 0.414175 0.347529 0 
0.7792 -1.12192 -0.0886377 0.500327 0.347487 0 
-0.9944 -0.938636 0.188867 0.409617 -0.433952 0 
-0.93853 0.996511 0.251911 -0.428726 -0.403781 0 
-1.22131 0.62151 0.200383 -0.27001 -0.53059 0 
0.619238 -1.2241 -0.162947 0.535391 0.270839 0 
1.34119 0.295141 0.0405394 -0.132216 0.600819 0 
-1.25208 -0.567612 -0.107185 0.250599 -0.55279 0 
-1.37384 -0.0803353 0.108803 0.0354193 -0.605717 0 
0.388254 1.3218 -0.118319 -0.581036 0.170668 0 
0.253951 1.35551 -0.209422 -0.584129 0.109435 0 
-1.35456 -0.266613 0.0677543 0.118167 -0.600358 0 
-1.08088 -0.861161 0.41387 0.354528 -0.444986 0 
0.508118 1.28675 -0.267432 -0.54609 0.215642 0 
0.306088 1.35064 0.127695 -0.589521 0.1336 0 
-1.29488 0.495184 0.116084 -0.216428 -0.565948 0 
1.30869 -0.461784 -0.0874959 0.202803 0.574743 0 
-1.21596 -0.671837 -0.300002 0.282 -0.510393 0 
1.38792 -0.0873248 0.138711 0.0378731 0.601945 0 
1.26873 0.572931 0.121218 -0.249122 0.551671 0 
-0.441297 1.32182 -0.412575 -0.539877 -0.180241 0 
1.34806 0.358716 -0.0355498 -0.158392 0.59524 0 
-1.11102 -0.845919 -0.25894 0.356347 -0.468023 0 
1.33888 0.401704 0.0682121 -0.175848 0.5861 0 
-1.09638 0.869429 -0.327252 -0.360241 -0.454276 0 
1.40026 -0.0352245 -0.124455 0.0152129 0.604751 0 
-0.192828 1.38881 -0.140759 -0.597194 -0.082917 0 
-0.635635 -1.25137 0.0951905 0.542595 -0.27561 0 
0.466436 -1.3253 0.208492 0.560806 0.197375 0 
0.133599 -1.40005 -0.413516 0.566515 0.0540596 0 
-0.837559 1.13158 -0.0838176 -0.490304 -0.362907 0 
1.37114 -0.325511 -0.224356 0.136871 0.576539 0 
0.539669 1.30336 -0.0514592 -0.567308 0.2349 0 
1.40218 0.166993 0.474595 -0.0664044 0.557575 0 
0.180658 -1.40191 -0.0835307 0.605036 0.077968 0 
-1.30397 -0.549229 0.113544 0.235353 -0.558772 0 
0.993978 1.00897 0.145886 -0.429066 0.422692 0 
1.34213 0.456837 0.336079 -0.186473 0.547835 0 
0.865845 1.12442 -0.531063 -0.439344 0.33831 0 
-1.42053 -0.0105201 0.0563257 0.00454263 -0.613393 0 
-1.06735 -0.939567 -0.177708 0.395356 -0.449125 0 
0.851555 1.14056 0.00770648 -0.496357 0.370585 0 
1.42432 -0.0365774 -0.164649 0.0154023 0.599765 0 
0.498838 1.33611 0.111923 -0.568192 0.212135 0 
-0.961633 -1.05513 0.0713295 0.451982 -0.411931 0 
1.08893 0.925352 -0.201365 -0.38555 0.453705 0 
0.43773 -1.36178 -0.254527 0.560549 0.180183 0 
0.82845 -1.16778 -0.0288705 0.503057 0.356879 0 
0.571911 1.31414 0.116843 -0.555541 0.24177 0 
-1.09227 0.93005 -0.371149 -0.372328 -0.437271 0 
-1.14692 0.864081 0.212122 -0.357451 -0.474456 0 
1.25107 -0.707744 -0.0227169 0.304062 0.537485 0 
-1.29959 0.617354 -0.159691 -0.257677 -0.542437 0 
-0.590328 -1.31362 0.297464 0.532163 -0.23915 0 
-1.42927 0.187816 -0.307178 -0.0758555 -0.577255 0 
0.776987 1.21588 -0.26258 -0.495257 0.316485 0 
-1.15712 -0.864378 -0.113869 0.36278 -0.485645 0 
0.502409 1.35561 -0.140578 -0.565289 0.209505 0 
-0.108459 -1.44303 -0.0505697 0.612294 -0.0460205 0 
1.02733 1.02112 0.0872707 -0.429645 0.432256 0 
-1.30926 -0.622842 -0.128508 0.259614 -0.545729 0 
0.574512 -1.33268 -0.0643269 0.562265 0.242389 0 
-1.20572 0.81015 0.181789 -0.333349 -0.496114 0 
1.45244 -0.0673329 0.404795 0.0263974 0.569419 0 
1.45531 -0.0139557 -0.249719 0.00565044 0.58923 0 
1.02981 -1.03035 -0.0145593 0.437402 0.437172 0 
1.07822 0.981611 -0.385795 -0.385311 0.423234 0 
1.30216 -0.659176 0.534555 0.250164 0.494182 0 
1.02619 1.03974 0.444711 -0.402146 0.396904 0 
-0.875416 1.17123 -0.111308 -0.485693 -0.363022 0 
-0.565676 1.34987 0.34535 -0.532464 -0.223134 0 
0.90917 1.14872 0.407524 -0.446639 0.353499 0 
-1.20844 0.83056 0.330436 -0.328041 -0.47729 0 
-0.889921 -1.16713 -0.000182062 0.493107 -0.375988 0 
-1.3597 -0.556221 -0.00971786 0.23433 -0.572825 0 
-1.41742 0.391261 0.0562024 -0.163143 -0.591018 0 
-0.732861 1.27635 0.224189 -0.513627 -0.294916 0 
-1.46121 0.187162 0.144057 -0.0765084 -0.597317 0 
0.326972 1.4378 -0.164853 -0.584675 0.132962 0 
-0.355162 -1.43249 -0.385341 0.555429 -0.137709 0 
-1.39904 0.474195 0.634039 -0.173789 -0.51274 0 
-1.33884 0.627453 -0.325041 -0.246 -0.524907 0 
-1.18227 -0.890178 0.33442 0.347977 -0.462159 0 
-1.47778 -0.101848 0.25927 0.0404163 -0.586425 0 
-0.900452 -1.17787 -0.284194 0.464521 -0.355114 0 
-1.3799 0.545954 -0.0253294 -0.226915 -0.573531 0 
0.595273 1.36083 -0.225958 -0.542283 0.237213 0 
-0.822651 -1.23833 -0.0928087 0.506756 -0.33665 0 
-1.06036 -1.04395 -0.341336 0.405198 -0.411567 0 
1.48461 -0.119009 0.0668494 0.0488678 0.609613 0 
-0.41219 1.43259 -0.138635 -0.579154 -0.166636 0 
-0.779897 -1.272 0.189301 0.508399 -0.311712 0 
0.585251 1.37394 0.297698 -0.53627 0.228432 0 
-0.699971 -1.32071 -0.0131324 0.546181 -0.289474 0 
-1.46426 0.306888 -0.312875 -0.119175 -0.568621 0 
-0.891304 1.20325 -0.090158 -0.489013 -0.362234 0 
-1.47353 0.27376 0.10216 -0.110884 -0.596841 0 
-1.49408 0.13402 -0.0800623 -0.0544779 -0.607333 0 
1.03333 -1.08926 0.329892 0.419903 0.398343 0 
0.592935 -1.38083 0.163608 0.550747 0.236494 0 
0.612648 -1.37365 0.0221984 0.563386 0.251269 0 
-0.136974 1.49917 0.0608539 -0.609528 -0.0556905 0 
-0.208321 1.49227 -0.36417 -0.568941 -0.0794243 0 
-1.30797 0.750652 -0.155694 -0.298788 -0.520624 0 
-0.318495 1.47541 -0.602087 -0.532667 -0.114986 0 
0.0154907 -1.51064 -0.193512 0.595508 0.00610655 0 
0.34201 1.47286 0.240352 -0.57443 0.133387 0 
1.37029 -0.642328 0.0639661 0.259561 0.553728 0 
-1.50817 0.140404 -0.349654 -0.0534039 -0.573646 0 
1.39081 0.603279 0.0840097 -0.242349 0.558716 0 
-1.3427 -0.706733 0.28156 0.272252 -0.517241 0 
0.613657 1.38915 0.261201 -0.536957 0.237201 0 
-1.48811 -0.309558 -0.00283598 0.126065 -0.606022 0 
0.989857 -1.1552 0.525693 0.420842 0.360606 0 
-0.305273 1.49169 0.0824844 -0.596712 -0.122117 0 
0.17845 1.51343 -0.0874657 -0.604251 0.0712476 0 
-1.16297 -0.98683 0.503065 0.360342 -0.424659 0 
-1.0294 -1.12724 -0.112181 0.446986 -0.408193 0 
1.181 -0.96932 -0.170197 0.379463 0.462329 0 
-1.47259 0.412106 0.302788 -0.156758 -0.560148 0 
1.53025 -0.0260653 0.124517 0.0102819 0.603631 0 
-0.669213 -1.37786 0.188519 0.535903 -0.260282 0 
1.41173 -0.5978 0.0777923 0.237645 0.561209 0 
0.766978 -1.32895 0.224175 0.512129 0.295566 0 
1.42411 0.5747 -0.34693 -0.215584 0.534216 0 
1.51628 -0.251515 0.048895 0.100303 0.604683 0 
-0.512289 -1.45049 -0.699025 0.502043 -0.177313 0 
1.44086 0.542487 0.0449816 -0.216126 0.574036 0 
-1.22066 0.940407 0.0089902 -0.377042 -0.489404 0 
-0.313081 -1.51009 -0.222175 0.579069 -0.120057 0 
-1.48181 -0.431996 0.121352 0.169002 -0.579702 0 
-1.53054 -0.209368 -0.255523 0.079584 -0.581782 0 
1.18189 -0.996754 0.0548201 0.39456 0.467846 0 
1.41607 0.623805 -0.679222 -0.21556 0.489334 0 
1.54855 -0.0196261 -0.42763 0.00717052 0.565772 0 
-1.53793 0.192772 -0.13949 -0.0748028 -0.596775 0 
-0.359637 1.509 -0.076504 -0.59261 -0.141236 0 
1.40285 -0.665152 0.284295 0.249973 0.527208 0 
1.32054 0.8189 0.222575 -0.311507 0.502328 0 
-0.113227 -1.551 -0.189872 0.593512 -0.0433279 0 
-1.50485 -0.397317 -0.520696 0.141458 -0.535775 0 
0.741208 -1.37005 -0.171727 0.525324 0.284205 0 
-0.303395 -1.52918 -0.0278793 0.603279 -0.119693 0 
-0.617602 -1.43283 -0.11459 0.554925 -0.239193 0 
1.45531 -0.566143 0.419935 0.20538 0.527941 0 
-0.714227 1.39008 -0.210926 -0.526831 -0.270687 0 
1.07184 1.13912 -0.176075 -0.434483 0.40882 0 
1.56495 -0.0370942 -0.17111 0.0141507 0.596996 0 
1.56553 0.0598696 0.0710864 -0.0232918 0.609055 0 
0.142553 -1.56145 0.38549 0.568228 0.0518765 0 
1.30387 0.873142 0.0656478 -0.339474 0.50694 0 
-0.926687 -1.26796 -0.303815 0.468775 -0.342604 0 
0.186883 1.56062 0.0187802 -0.611466 0.0732226 0 
-0.867305 1.31235 0.123256 -0.50297 -0.332403 0 
-1.42285 0.673771 -0.107466 -0.258842 -0.546616 0 
-1.37478 -0.769722 0.271816 0.285523 -0.509964 0 
0.535786 -1.48304 -0.164789 0.562093 0.20307 0 
-0.819159 -1.34888 0.0163811 0.526481 -0.319726 0 
-0.124813 1.57446 0.0135282 -0.61435 -0.0487018 0 
1.43234 0.668511 -0.038739 -0.25931 0.555592 0 
0.594418 -1.466 -0.473743 0.518347 0.210173 0 
-0.621566 1.45608 0.310296 -0.532971 -0.227513 0 
1.58379 0.0461224 -0.597066 -0.0158364 0.543803 0 
-0.519408 -1.49824 -0.216282 0.558443 -0.1936 0 
-1.1179 -1.12642 0.315736 0.410774 -0.407664 0 
-1.12307 -1.12305 0.167821 0.422117 -0.422122 0 
0.0834637 -1.58731 -0.33776 0.575144 0.0302421 0 
-1.25519 -0.97726 0.00980096 0.378685 -0.486381 0 
0.783754 -1.38574 0.176801 0.518557 0.293289 0 
0.523023 -1.50499 -0.119644 0.569372 0.197872 0 
1.47732 -0.600055 0.272198 0.219732 0.540976 0 
-0.524392 1.50717 0.109548 -0.57041 -0.198464 0 
-1.24679 -0.998029 0.0910508 0.378826 -0.47325 0 
-0.758645 -1.40677 -0.626705 0.475307 -0.256324 0 
0.901448 1.32134 -0.0457474 -0.505322 0.344741 0 
0.759418 1.4092 -0.384142 -0.501688 0.270359 0 
-1.18383 1.0794 -0.00823321 -0.415221 -0.455394 0 
-1.11394 -1.15313 -0.250019 0.421743 -0.407408 0 
-0.348293 -1.56629 0.306538 0.565558 -0.125762 0 
1.60463 -0.061067 -0.265706 0.0222233 0.583953 0 
-0.606247 -1.4883 -0.184574 0.550439 -0.224216 0 
1.60182 0.144097 -0.0141539 -0.0551333 0.612874 0 
1.54872 -0.438252 -0.103054 0.164553 0.581504 0 
0.0727955 1.60913 0.388696 -0.568469 0.025717 0 
0.0284896 -1.61177 0.258407 0.585 0.0103405 0 
0.574145 -1.50763 0.0904998 0.56611 0.215589 0 
0.415923 -1.56 0.111087 0.582833 0.155393 0 
0.036499 1.61533 -0.294907 -0.580327 0.0131128 0 
-1.42532 0.763594 -0.0973354 -0.285613 -0.533124 0 
-0.424219 -1.56162 0.0829604 0.585332 -0.159007 0 
0.122161 -1.61484 0.00484315 0.614385 0.0464778 0 
0.317102 -1.58936 -0.164299 0.584905 0.116697 0 
-1.61526 -0.146896 0.0018352 0.0558295 -0.613897 0 
-1.60472 -0.243956 -0.171932 0.089489 -0.588649 0 
-0.869499 -1.37208 -0.0813125 0.512336 -0.324672 0 
0.432504 -1.56703 -0.0723026 0.585718 0.16166 0 
1.5367 -0.534048 0.0648176 0.199753 0.57478 0 
-1.47011 0.699592 -0.175192 -0.25561 -0.537133 0 
-1.62587 -0.10587 0.140403 0.0389287 -0.597834 0 
1.60885 -0.265089 -0.0682355 0.0988399 0.599868 0 
1.62625 0.134048 0.351495 -0.0470713 0.571062 0 
-1.52432 0.58577 0.0769849 -0.217663 -0.566412 0 
-0.11943 -1.62985 -0.013032 0.612992 -0.0449181 0 
-0.218867 1.62073 -0.368121 -0.565697 -0.0763931 0 
1.60908 0.299241 -0.0896696 -0.110635 0.594907 0 
-0.991806 -1.30346 0.278249 0.463028 -0.35232 0 
-0.495791 1.56233 0.231725 -0.559999 -0.17771 0 
1.02361 1.28176 -0.165746 -0.465411 0.371675 0 
1.5985 0.373501 0.0766338 -0.138007 0.590636 0 
1.56847 -0.488473 -0.172145 0.176843 0.567836 0 
0.105109 1.64063 0.00741894 -0.613728 0.0393194 0 
-1.557 0.531474 0.191269 -0.191338 -0.560541 0 
-1.60928 0.347747 0.240442 -0.123813 -0.572975 0 
-0.371358 1.60524 0.00464417 -0.599368 -0.138658 0 
0.129658 1.64375 0.180144 -0.591704 0.0466735 0 
-1.19136 1.14166 0.196237 -0.409264 -0.427079 0 
1.19128 1.1435 0.148683 -0.413647 0.430929 0 
0.00363316 -1.65249 0.0933808 0.604095 0.00132816 0 
-1.01464 1.30585 0.396436 -0.447531 -0.347729 0 
1.51896 -0.65689 -0.357797 0.226831 0.524513 0 
1.42508 -0.843729 -0.00861228 0.313013 0.528688 0 
-0.353611 -1.61917 -0.29047 0.566316 -0.123678 0 
1.29066 -1.04161 0.0138359 0.3854 0.477552 0 
0.0417359 -1.65922 -0.268675 0.582077 0.0146415 0 
1.0891 1.25404 -0.0519556 -0.459718 0.399254 0 
0.0086117 1.66213 0.299488 -0.578377 0.00299664 0 
0.927738 -1.3806 0.589422 0.450421 0.302673 0 
1.02197 -1.3139 0.0953946 0.476293 0.370469 0 
-0.390347 1.61938 -0.251104 -0.567942 -0.136901 0 
1.38677 0.925005 0.291672 -0.321386 0.481825 0 
-1.4306 0.857995 -0.260845 -0.299817 -0.49991 0 
1.26624 -1.08785 -0.167365 0.387329 0.450845 0 
1.36491 -0.963225 0.461184 0.32185 0.456069 0 
1.1931 -1.17102 0.129106 0.419578 0.42749 0 
-1.67118 0.0771947 0.149424 -0.0275218 -0.595815 0 
-0.842543 -1.44669 0.234056 0.506381 -0.294913 0 
-1.04862 1.3066 -0.33409 -0.447391 -0.359058 0 
0.0471884 -1.67588 -0.00788419 0.613473 0.0172738 0 
-1.67607 0.0749072 -0.337307 -0.0255909 -0.572603 0 
-1.66921 -0.18046 -0.0361023 0.0655825 -0.606619 0 
0.118261 -1.67596 -0.296159 0.57671 0.0406944 0 
-1.27959 1.09064 0.205686 -0.382215 -0.448432 0 
1.66632 0.232817 -0.29921 -0.0799365 0.572124 0 
0.107307 -1.68027 0.262996 0.580903 0.0370979 0 
-1.18726 -1.19551 0.642511 0.379901 -0.377279 0 
1.57541 -0.600777 0.0867751 0.21509 0.564027 0 
-1.48796 0.795509 -0.0658555 -0.285798 -0.534568 0 
1.38386 0.967352 0.121569 -0.343342 0.491175 0 
-1.56443 -0.638299 0.245626 0.220618 -0.54072 0 
0.712174 -1.53351 0.0720836 0.548955 0.254938 0 
-1.6747 -0.24135 0.0390663 0.0869077 -0.603043 0 
0.762235 1.51191 0.325964 -0.51254 0.2584 0 
-1.45219 0.87294 -0.254051 -0.300248 -0.499481 0 
-1.59526 -0.574467 0.100871 0.203808 -0.565963 0 
1.52829 -0.737017 0.367551 0.247052 0.512293 0 
-0.657485 1.56544 0.192248 -0.54418 -0.228556 0 
1.27767 1.12002 -0.144944 -0.392869 0.44817 0 
0.170492 -1.69169 -0.155345 0.591667 0.0596295 0 
-1.31634 -1.07803 -0.0313195 0.386393 -0.47181 0 
-1.57847 -0.638214 -0.088354 0.225952 -0.558841 0 
-1.31805 1.07965 -0.130556 -0.378661 -0.462277 0 
1.44687 0.90192 -0.0376381 -0.322116 0.516743 0 
1.31414 1.0881 -0.477026 -0.353926 0.427451 0 
1.20383 1.21067 0.0382471 -0.431667 0.429227 0 
-0.185112 -1.69843 -0.112676 0.596037 -0.0649622 0 
-0.521583 -1.62815 0.718957 0.500111 -0.160212 0 
0.780614 -1.52236 0.0359436 0.541805 0.27782 0 
1.54506 -0.73737 0.49038 0.238223 0.499165 0 
0.814503 1.50716 0.123735 -0.526105 0.28432 0 
-0.0158458 1.71426 0.276198 -0.579247 -0.0053543 0 
1.61598 -0.575804 -0.477488 0.186131 0.522373 0 
0.0167176 -1.71659 -0.413443 0.562324 0.0054764 0 
-0.525248 1.63556 -0.118221 -0.569835 -0.182998 0 
-0.460486 -1.65617 -0.261779 0.559622 -0.155599 0 
-1.72015 0.00658728 0.0249613 -0.00233532 -0.609827 0 
-0.290374 -1.69666 -0.187253 0.581436 -0.0995097 0 
1.43622 0.950917 0.0349025 -0.335936 0.507381 0 
-0.802351 -1.52552 -0.3271 0.506829 -0.266568 0 
-1.09082 -1.33607 -0.432081 0.433589 -0.353997 0 
-1.07928 -1.3469 0.0420501 0.474064 -0.379873 0 
-0.0299859 1.72687 -0.559956 -0.543902 -0.00944447 0 
1.43589 -0.961878 -0.277618 0.321979 0.480649 0 
1.66496 -0.467864 -0.132481 0.161304 0.574025 0 
-1.34527 1.08869 0.373909 -0.356459 -0.440471 0 
1.39456 1.02675 -0.246422 -0.345184 0.468839 0 
1.72593 -0.155448 0.101142 0.053817 0.597529 0 
0.548831 1.64493 -0.300422 -0.54591 0.182143 0 
0.405713 -1.68713 0.0987334 0.583508 0.140319 0 
-0.537201 1.65119 -0.123849 -0.567726 -0.184705 0 
1.71632 0.270703 0.342366 -0.088838 0.563252 0 
1.30182 -1.15251 0.210109 0.388676 0.439028 0 
-0.857754 -1.5137 -0.122168 0.519467 -0.294362 0 
0.11026 1.73749 -0.19404 -0.587044 0.0372533 0 
-1.60727 0.672111 -0.23596 -0.224937 -0.537907 0 
0.428078 -1.68991 -0.0487243 0.587356 0.148786 0 
1.15298 -1.30908 0.0214772 0.457157 0.402642 0 
-0.109936 1.74211 -0.111943 -0.596883 -0.0376664 0 
-1.61622 0.662478 0.608094 -0.203788 -0.497174 0 
1.52948 -0.846021 -0.101491 0.290053 0.524372 0 
0.993946 1.43914 -0.0879084 -0.494403 0.34146 0 
1.15056 -1.31882 0.21941 0.440612 0.384397 0 
1.18031 -1.29381 -0.207464 0.433016 0.39503 0 
1.66401 -0.549664 -0.0305336 0.190614 0.577052 0 
-1.2712 -1.20794 -0.0260782 0.418959 -0.440903 0 
-0.798808 1.56236 0.0612372 -0.537662 -0.274896 0 
-1.0613 -1.39883 -0.0665544 0.480511 -0.364568 0 
1.63269 0.649153 0.0231242 -0.224788 0.565368 0 
1.74092 -0.245522 -0.412915 0.0783028 0.555222 0 
-1.45362 -0.990997 -0.099001 0.337434 -0.494958 0 
-1.68918 -0.495737 -0.018419 0.171448 -0.584195 0 
-1.59445 -0.748892 0.513235 0.233103 -0.496294 0 
-0.859835 -1.53876 0.148585 0.517509 -0.289176 0 
0.813308 -1.56513 -0.0902228 0.532321 0.276616 0 
-0.0432388 1.76444 -0.117216 -0.596373 -0.0146145 0 
-1.31771 -1.17591 0.124446 0.396575 -0.444395 0 
1.46545 0.987709 0.190406 -0.328358 0.487181 0 
1.52293 -0.898788 -0.100547 0.304158 0.515372 0 
-1.56857 0.818967 -0.758717 -0.239741 -0.459177 0 
1.76999 0.0478224 0.302912 -0.0154925 0.573404 0 
1.58835 0.785032 0.21775 -0.258742 0.523512 0 
-1.71385 0.453722 0.105472 -0.152944 -0.577718 0 
-1.47994 -0.978227 -0.0356769 0.334209 -0.505617 0 
0.873944 -1.54511 -0.12538 0.51797 0.292973 0 
-0.93604 -1.50963 -0.226413 0.495228 -0.307064 0 
-1.51628 -0.927389 -0.112385 0.311268 -0.508924 0 
-1.46538 1.00788 0.0979714 -0.339036 -0.492935 0 
-1.71545 -0.473711 0.127213 0.158285 -0.573198 0 
1.64976 -0.670413 0.313226 0.215305 0.529824 0 
0.2271 -1.76737 0.0890999 0.59431 0.0763664 0 
-1.69849 0.542492 0.41218 -0.170299 -0.53319 0 
-1.54067 -0.89973 0.0944179 0.301788 -0.516774 0 
1.10564 1.40169 -0.22778 -0.457048 0.360514 0 
1.37423 1.14135 0.0168841 -0.388325 0.467562 0 
-0.309051 -1.76059 0.220671 0.574105 -0.100777 0 
-1.39158 -1.1237 0.151151 0.371487 -0.460047 0 
1.77491 0.230017 -0.142733 -0.0761197 0.587371 0 
-1.68167 -0.615797 -0.0542065 0.207352 -0.566253 0 
1.57224 0.859811 0.0565761 -0.289172 0.528775 0 
-0.0511212 -1.79237 -0.134627 0.59287 -0.0169096 0 
-1.73464 -0.458512 -0.39185 0.143543 -0.543054 0 
-0.214636 1.78246 0.0413111 -0.600044 -0.0722547 0 
-1.73481 -0.466534 -0.463253 0.143587 -0.533931 0 
-0.97018 1.51327 -0.132562 -0.49934 -0.320135 0 
-0.341662 1.76593 -0.367278 -0.554219 -0.107227 0 
-1.21296 1.32965 0.0375445 -0.446681 -0.407482 0 
-1.76745 0.345485 0.0385391 -0.115956 -0.593217 0 
-0.125439 -1.79764 0.227189 0.579998 -0.0404723 0 
-1.75981 0.392838 0.198707 -0.127413 -0.570777 0 
1.80104 -0.107211 0.0801774 0.0356061 0.598149 0 
-1.20546 1.34392 0.401196 -0.416916 -0.373962 0 
-1.80634 -0.0203208 -0.106875 0.00670271 -0.595811 0 
0.282454 -1.78535 -0.443068 0.548043 0.0867038 0 
-1.59187 -0.858621 -0.0123735 0.288275 -0.534457 0 
1.52915 0.967971 -0.101623 -0.318949 0.50386 0 
0.770239 1.63891 0.175057 -0.531555 0.249816 0 
-0.739273 1.65432 -0.545844 -0.494973 -0.221191 0 
0.821441 1.61633 0.541558 -0.483733 0.24584 0 
-0.624631 -1.70327 0.602197 0.502468 -0.184267 0 
-1.79878 0.244312 0.062405 -0.0808622 -0.595359 0 
-1.71021 0.611935 -0.24158 -0.195052 -0.545124 0 
-1.05242 -1.48179 -0.0721036 0.488797 -0.34716 0 
-0.106099 -1.8155 -0.175228 0.585935 -0.0342424 0 
-1.79382 0.305786 0.0506478 -0.101167 -0.593473 0 
0.923969 1.56895 -0.0807936 -0.515554 0.303615 0 
0.347725 1.78841 0.233708 -0.569005 0.110633 0 
1.81927 -0.116498 -0.203327 0.0372757 0.582109 0 
0.0303592 -1.82384 -0.141225 0.590717 0.00983293 0 
-1.01085 1.51971 0.148939 -0.491089 -0.326654 0 
-1.05086 -1.49366 -0.0718514 0.490004 -0.34474 0 
0.633951 -1.7139 -0.166856 0.551032 0.203821 0 
1.8197 -0.179006 -0.0502032 0.0589002 0.598754 0 
-1.47776 1.07869 0.085985 -0.352124 -0.482394 0 
-0.103633 1.82773 -0.0488106 -0.600737 -0.034062 0 
1.62419 0.846967 0.431425 -0.25669 0.492244 0 
-1.20273 -1.38304 -0.446399 0.417497 -0.363065 0 
-0.828643 -1.63607 -0.204809 0.519722 -0.263231 0 
1.63605 -0.831081 -0.101045 0.269533 0.530599 0 
-1.72093 0.640123 -0.0807177 -0.20832 -0.560058 0 
-1.503 -1.05658 -0.287807 0.329151 -0.46822 0 
-0.0561836 1.83745 0.0117373 -0.60553 -0.0185152 0 
1.76537 0.51658 0.00930736 -0.170205 0.58166 0 
-1.78102 0.464051 0.238287 -0.145782 -0.559511 0 
1.05374 1.51031 -0.451294 -0.45293 0.316009 0 
-1.4788 -1.09934 -0.317459 0.339154 -0.456217 0 
0.73618 -1.6904 0.361611 0.516227 0.224821 0 
-1.77096 -0.516834 -0.0146831 0.169525 -0.580884 0 
-0.596348 1.74693 0.183314 -0.553245 -0.18886 0 
-1.47512 -1.1115 0.0923506 0.358409 -0.475661 0 
1.14452 1.45103 -0.395962 -0.438648 0.345991 0 
1.23086 -1.38 -0.204795 0.434202 0.387278 0 
1.56393 0.98871 -0.368284 -0.300277 0.474974 0 
-1.3319 -1.28588 0.0541692 0.41673 -0.431644 0 
-1.37225 1.24433 -0.198271 -0.39125 -0.431473 0 
1.76079 -0.578824 -0.0949857 0.185787 0.565167 0 
-1.78245 0.512173 0.0947313 -0.164291 -0.57176 0 
0.968478 -1.58288 0.306036 0.485542 0.297078 0 
-1.02245 1.54985 -0.387046 -0.466893 -0.308011 0 
1.853 -0.133635 0.222767 0.0416629 0.577703 0 
1.70229 -0.746774 -0.147 0.236353 0.538771 0 
-1.85717 0.101951 -0.2366 -0.0316501 -0.576549 0 
1.27437 1.35626 0.00730368 -0.441016 0.414387 0 
-0.84014 1.66182 -0.481698 -0.4887 -0.247065 0 
1.86141 -0.0813546 -0.10107 0.0259224 0.593111 0 
-0.794459 1.68651 -0.145505 -0.532149 -0.250678 0 
-1.12622 -1.48698 0.14104 0.469308 -0.355448 0 
1.7829 0.552051 0.136027 -0.174297 0.562906 0 
-1.48946 1.12649 -0.0331253 -0.362943 -0.479889 0 
-0.00566137 -1.86854 0.0841634 0.59544 -0.00180408 0 
-0.356596 -1.8353 -0.31174 0.557399 -0.108302 0 
1.6269 0.923407 -0.0462583 -0.296131 0.521738 0 
-0.825116 1.68009 -0.138459 -0.528412 -0.259511 0 
1.86904 -0.119085 -0.0108889 0.0384111 0.602865 0 
0.755497 -1.71486 -0.13745 0.538742 0.237348 0 
-1.7223 -0.741083 -0.285022 0.225603 -0.524309 0 
1.69606 0.801803 0.0168714 -0.257799 0.545325 0 
1.85298 -0.299977 -0.107176 0.0946389 0.584592 0 
-1.86812 0.194007 0.095048 -0.0613179 -0.590439 0 
-1.5038 1.127 0.166113 -0.350805 -0.468093 0 
0.443558 1.82724 0.100127 -0.576153 0.13986 0 
1.6974 0.811396 0.403687 -0.239836 0.501725 0 
0.305985 -1.8574 0.1501 0.578923 0.0953711 0 
1.34595 -1.31756 -0.0461944 0.419186 0.428218 0 
1.16202 -1.48367 -0.326096 0.445069 0.34858 0 
1.8856 -0.00811909 0.35295 0.00241996 0.562019 0 
-1.86966 -0.252823 -0.470987 0.0733934 -0.542756 0 
-1.27825 -1.38911 -0.319523 0.416466 -0.383229 0 
1.87737 -0.207447 0.365982 0.0615363 0.556897 0 
0.210476 -1.8781 -0.101538 0.588518 0.0659543 0 
-0.358386 1.85665 0.341628 -0.552916 -0.106729 0 
0.663638 -1.77177 0.267485 0.535685 0.200648 0 
-1.23066 1.43842 0.102235 -0.449791 -0.384823 0 
-0.56263 1.8086 -0.387711 -0.532232 -0.16557 0 
1.65795 0.918037 0.483187 -0.264393 0.477487 0 
1.88328 0.221054 -0.00746729 -0.0703221 0.599113 0 
-1.66231 -0.914502 0.0297848 0.289434 -0.526112 0 
1.35198 1.33257 -0.368697 -0.392736 0.398456 0 
0.805956 -1.7199 -0.150511 0.530422 0.24856 0 
1.2953 1.39061 0.0425255 -0.438135 0.408105 0 
1.02875 1.59915 0.26241 -0.481177 0.309547 0 
-0.430321 1.85323 0.100864 -0.576266 -0.13381 0 
-1.76831 0.704769 -0.278208 -0.21108 -0.529613 0 
0.840531 -1.70913 0.251183 0.514485 0.253017 0 
-1.10245 1.55442 0.199308 -0.472719 -0.335269 0 
0.343775 -1.87549 -0.712554 0.509051 0.0933084 0 
-0.76701 -1.74681 -0.0235973 0.549955 -0.241481 0 
-1.28254 1.41376 0.172718 -0.431484 -0.391436 0 
1.22401 -1.4661 -0.141296 0.450078 0.375761 0 
1.48626 -1.20112 0.301532 0.356343 0.440935 0 
-0.102805 1.90921 0.185897 -0.579981 -0.0312303 0 
-1.77829 -0.705226 0.392616 0.204902 -0.51668 0 
1.14785 -1.5317 0.0765438 0.475257 0.356155 0 
-1.90439 -0.202448 -0.296413 0.059972 -0.564143 0 
-1.81651 -0.609882 -0.3362 0.179024 -0.533217 0 
1.83986 0.539064 0.115503 -0.165618 0.565264 0 
1.81868 -0.60999 0.25213 0.182049 0.542779 0 
-0.163841 -1.91229 0.130744 0.584931 -0.0501157 0 
0.572778 -1.83292 -0.171009 0.555664 0.173641 0 
1.35215 1.36505 -0.1702 -0.413629 0.409721 0 
0.71468 1.78464 -0.173262 -0.540081 0.216282 0 
1.49846 -1.20595 0.144505 0.366892 0.455887 0 
1.92441 0.0182403 0.147262 -0.00554266 0.584771 0 
0.476344 -1.86569 0.165789 0.564402 0.144102 0 
0.819119 1.74378 0.10599 -0.533705 0.250702 0 
1.5248 1.17928 -0.295732 -0.346719 0.448306 0 
-1.11708 -1.57221 -0.045351 0.486538 -0.345693 0 
0.639433 1.82067 0.0126809 -0.566782 0.199058 0 
-1.63759 1.02275 -0.0262539 -0.317318 -0.508077 0 
0.602969 1.83525 0.277762 -0.540268 0.177504 0 
-0.784122 -1.7666 -0.176097 0.530918 -0.235652 0 
-1.39622 -1.33802 -0.442196 0.379694 -0.396208 0 
-0.37404 1.89838 0.419548 -0.541041 -0.106602 0 
0.905161 -1.71127 0.0101812 0.530966 0.28085 0 
-0.57359 -1.85007 -0.0116773 0.573498 -0.177806 0 
1.53297 1.18565 0.0565587 -0.363999 0.470628 0 
-0.983317 -1.67118 0.229582 0.49479 -0.291133 0 
1.37904 1.36456 -0.0693165 -0.417317 0.421746 0 
1.87276 -0.510413 -0.0230701 0.157462 0.577748 0 
-1.94092 -0.0679382 0.197097 0.0202133 -0.577472 0 
0.515847 1.87341 0.304143 -0.544622 0.149963 0 
0.350009 1.9124 -0.543168 -0.527326 0.0965116 0 
1.47906 1.2634 0.176928 -0.376761 0.441072 0 
-1.17487 1.5516 -0.0450102 -0.475063 -0.359718 0 
1.47602 -1.2701 0.142443 0.38099 0.442757 0 
0.859561 1.74841 -0.244049 -0.513176 0.252289 0 
1.9378 0.211493 -0.0458814 -0.0646212 0.592091 0 
0.799034 1.77914 0.000803042 -0.548216 0.246211 0 
0.809509 1.77553 0.17197 -0.528041 0.240747 0 
-1.82939 -0.682014 0.207582 0.201208 -0.539709 0 
0.276047 -1.93381 -0.329002 0.555713 0.0793269 0 
0.27968 1.93432 -0.0515618 -0.58851 0.0850916 0 
1.94132 -0.234719 -0.125691 0.0702987 0.581429 0 
0.0187567 1.95639 0.0104293 -0.599426 0.00574694 0 
1.62753 -1.08764 -0.311736 0.312928 0.468261 0 
-0.67487 1.83858 0.254359 -0.535124 -0.196423 0 
-1.93099 0.333322 0.0429489 -0.101273 -0.586693 0 
-1.28364 -1.48192 0.0313253 0.451029 -0.390681 0 
-0.422408 -1.91557 -0.0957227 0.575098 -0.126816 0 
-1.9516 -0.207593 -0.0376736 0.0630227 -0.592484 0 
-0.780089 1.80203 -0.180358 -0.531016 -0.229874 0 
0.37898 1.92775 -0.0774418 -0.579835 0.113991 0 
1.89433 -0.524752 0.0930169 0.15724 0.567629 0 
-0.644131 1.85822 0.283302 -0.534884 -0.185412 0 
-1.34803 1.43342 -0.353459 -0.406219 -0.382022 0 
-1.96489 0.12287 -0.3312 -0.0349657 -0.559156 0 
-0.551043 1.89109 0.253776 -0.546744 -0.159315 0 
-1.59671 1.15517 -0.13077 -0.342421 -0.473306 0 
-0.18472 1.9631 -0.130513 -0.581587 -0.0547251 0 
1.42987 -1.35918 0.0658083 0.407769 0.428978 0 
-0.0974242 1.9714 -0.0797718 -0.589407 -0.0291278 0 
-1.85095 -0.688403 0.187036 0.201208 -0.540998 0 
-1.38628 -1.40788 -0.487576 0.385568 -0.37965 0 
0.553993 1.89763 -0.385186 -0.531158 0.155066 0 
1.74356 0.933759 -0.0408087 -0.280697 0.524131 0 
-0.796722 1.81139 0.164559 -0.53061 -0.233383 0 
-0.178046 1.97186 0.107733 -0.584046 -0.0527354 0 
-1.98012 0.0552353 -0.0473886 -0.0165519 -0.593365 0 
1.90513 -0.546257 0.4619 0.1499 0.522795 0 
1.78295 -0.867761 -0.10635 0.256626 0.527279 0 
1.91433 0.520828 0.168134 -0.151989 0.558644 0 
-0.176489 1.97707 -0.272622 -0.564131 -0.050359 0 
1.97927 0.162534 0.488885 -0.0442286 0.538598 0 
-1.98694 0.00424254 -0.0406431 -0.00126842 -0.594048 0 
-0.294587 1.966 0.136375 -0.576092 -0.086322 0 
1.75312 -0.939423 0.410307 0.259615 0.484485 0 
1.64575 1.11869 0.209726 -0.322472 0.4744 0 
0.790029 1.82752 -0.209665 -0.526485 0.227597 0 
-1.99191 0.0161629 -0.164932 -0.00469698 -0.578853 0 
0.104478 -1.99024 -0.311132 0.56054 0.0294257 0 
1.91572 0.553162 -0.277657 -0.156813 0.543077 0 
0.0341684 -1.9947 -0.383825 0.552419 0.00946273 0 
0.868999 1.79689 -0.208557 -0.516221 0.249651 0 
1.30205 -1.51415 -0.0270922 0.451197 0.387992 0 
0.554624 1.91947 -0.362378 -0.533092 0.154035 0 
0.578171 1.91356 -0.413712 -0.525251 0.158701 0 
-1.993 0.167189 0.266943 -0.0473316 -0.564224 0 
