x y vx vy
-1.4741 -0.193311 0.0806018 -0.61463 
-0.0342114 0.609034 -0.480401 -0.0269856 
0.288128 -0.254584 0.229574 0.259823 
1.28043 0.050003 -0.0241294 0.617883 
0.00503483 -1.75128 0.611504 0.00175804 
0.961336 0.0725425 -0.044312 0.587224 
-0.0391655 0.125286 -0.123691 -0.0386669 
-1.9752 0.0562826 -0.0170774 -0.599321 
-1.52714 0.558562 -0.211775 -0.579004 
-1.15799 0.393416 -0.198132 -0.583188 
0.937083 0.370481 -0.219027 0.554001 
-0.54143 -1.78391 0.579753 -0.175959 
1.75499 0.826926 -0.256449 0.544264 
0.104879 -1.97125 0.598833 0.0318605 
-0.624651 1.69469 -0.571305 -0.210579 
0.338175 0.337799 -0.289491 0.289813 
-0.526044 -1.52269 0.583189 -0.201474 
1.4962 0.343104 -0.138365 0.60338 
1.10612 -1.56967 0.492733 0.347221 
0.465607 0.424523 -0.330371 0.362343 
0.0051039 0.212435 -0.205514 0.00493761 
0.939788 0.56149 -0.310993 0.520522 
0.0727407 1.23835 -0.615704 0.0361664 
-0.642845 -0.143611 0.109598 -0.490595 
-1.74679 0.287963 -0.0993217 -0.602486 
-1.92379 0.460344 -0.139502 -0.582982 
0.0782367 1.11208 -0.606788 0.0426884 
-1.36167 -0.809013 0.315573 -0.53115 
-1.29757 0.605013 -0.262162 -0.562257 
0.699922 1.74555 -0.561523 0.225156 
-1.22118 -1.05469 0.403245 -0.466898 
-0.860804 -0.443599 0.270094 -0.524118 
0.422169 -0.635914 0.450679 0.299196 
0.0869989 0.129018 -0.126723 0.0854516 
0.889677 0.543462 -0.313002 0.512401 
0.97999 -0.24026 0.141897 0.57878 
0.897933 0.630892 -0.348739 0.496352 
1.07233 -0.526639 0.270819 0.551434 
-0.0554064 1.33293 -0.619157 -0.0257367 
0.391741 0.823289 -0.522984 0.248849 
0.522109 -0.516907 0.373952 0.377716 
-0.144165 0.307208 -0.283094 -0.132848 
0.0327442 -1.19193 0.613976 0.0168668 
-1.01129 -0.0944063 0.0554779 -0.594283 
1.00194 0.296736 -0.170591 0.576011 
-0.202601 0.762844 -0.530519 -0.140898 
-0.471226 -0.10738 0.0917373 -0.40258 
0.00200455 0.757218 -0.539008 0.00142689 
0.00411112 1.24751 -0.617071 0.00203353 
-0.590347 1.09135 -0.542495 -0.293453 
-0.489782 1.21546 -0.57431 -0.231423 
0.987747 -1.55302 0.512287 0.325823 
-0.901094 -0.627257 0.346599 -0.497911 
-0.889373 -0.644527 0.356023 -0.491271 
0.112719 1.80617 -0.607519 0.0379138 
-1.65752 -0.50285 0.177776 -0.585997 
0.551335 1.44705 -0.578194 0.220295 
-1.1126 -0.159285 0.0863231 -0.602961 
0.28808 1.66168 -0.605265 0.104933 
-0.211795 -0.6663 0.494356 -0.15714 
0.019557 -1.7481 0.611609 0.00684241 
0.0327332 -1.57518 0.617922 0.0128408 
0.935979 -0.223646 0.136791 0.572481 
1.83014 -0.657883 0.203435 0.565929 
0.679863 -1.67603 0.564108 0.228824 
-0.0961566 0.114078 -0.11221 -0.0945819 
1.03931 1.27213 -0.476995 0.389698 
0.84746 0.714837 -0.39183 0.464526 
1.3775 -0.451609 0.193236 0.58941 
1.30715 -1.33727 0.433044 0.42329 
-1.04653 -1.26099 0.474085 -0.393454 
-0.444636 0.711281 -0.476992 -0.298178 
0.525503 -0.742602 0.472436 0.33432 
0.291814 0.612115 -0.460897 0.219724 
-0.327743 0.165912 -0.150886 -0.298059 
0.715352 0.346653 -0.240091 0.495451 
0.893667 0.505847 -0.294772 0.520766 
1.42728 0.649869 -0.256195 0.562669 
1.86038 0.264626 -0.0852087 0.599036 
-1.0186 -0.866889 0.401673 -0.471967 
-1.87725 -0.00783459 0.0025256 -0.605161 
-1.45723 -0.544761 0.2166 -0.579404 
-0.378101 0.73464 -0.497254 -0.255924 
1.1604 1.12163 -0.428753 0.443576 
-0.876566 1.04123 -0.474377 -0.399359 
-1.35852 1.29823 -0.41803 -0.437444 
-0.486953 -0.750603 0.482904 -0.313283 
0.42701 -1.2337 0.585008 0.202484 
1.76029 -0.642554 0.207572 0.568648 
1.99804 -0.0106306 0.00318298 0.598247 
-0.871211 1.60378 -0.534189 -0.290184 
-0.583151 0.541533 -0.374819 -0.403624 
1.3694 -0.46609 0.199865 0.587217 
-1.41547 0.36033 -0.152999 -0.601021 
-0.182823 -1.85335 0.603043 -0.0594869 
-1.66786 -0.0272431 0.0100444 -0.61493 
0.206781 1.71653 -0.608113 0.073256 
-0.720299 -1.07067 0.513289 -0.345319 
-1.34623 0.515804 -0.221944 -0.579264 
0.297557 1.52721 -0.607145 0.118295 
1.11305 0.646908 -0.310817 0.53478 
0.518069 0.562522 -0.398247 0.366777 
-1.5037 -0.285581 0.115521 -0.608263 
-0.14574 -0.818124 0.551817 -0.0983 
1.02127 0.493945 -0.265603 0.549155 
1.03796 -0.277179 0.155882 0.583738 
-0.459724 0.705564 -0.472007 -0.307545 
0.561112 -0.654724 0.431509 0.369812 
-1.09011 -0.00630271 0.00350296 -0.605868 
0.972517 0.432391 -0.245003 0.551051 
-0.0145019 -0.731452 0.530341 -0.0105146 
-1.00216 -0.294545 0.169384 -0.576314 
0.117448 -0.287619 0.268414 0.109605 
-0.366188 0.739002 -0.500751 -0.24813 
-0.053547 -0.786347 0.547312 -0.0372697 
0.219643 0.916935 -0.569066 0.136314 
-1.00394 -0.280827 0.161746 -0.578234 
-0.354372 0.849579 -0.536154 -0.223638 
-0.598044 -0.998886 0.525368 -0.314543 
1.48075 0.966819 -0.33388 0.511361 
0.394574 1.12896 -0.580018 0.202718 
0.658389 0.417915 -0.292649 0.461043 
0.892938 -1.60003 0.530524 0.296073 
0.367524 -0.200987 0.178036 0.325557 
-1.49934 1.16014 -0.369718 -0.477816 
-1.19056 1.59682 -0.479919 -0.357819 
-0.392295 -0.512509 0.394707 -0.302125 
1.33306 -1.31927 0.425754 0.430204 
-0.403199 0.725851 -0.489827 -0.272091 
1.39344 1.17407 -0.391808 0.465014 
0.440035 -1.22784 0.582736 0.208842 
1.52927 -0.457099 0.176831 0.591606 
-1.96395 0.248261 -0.0751652 -0.594621 
-1.27047 -1.14261 0.410167 -0.456068 
0.566082 -1.89648 0.574338 0.171435 
-1.28947 0.621005 -0.26918 -0.558933 
-0.48133 -1.63377 0.588598 -0.173408 
0.785264 0.119978 -0.0831291 0.544087 
-0.270754 -1.37717 0.608738 -0.119679 
1.24831 1.01314 -0.388889 0.47916 
-0.959502 0.166694 -0.101078 -0.581811 
-0.765021 -0.499393 0.316795 -0.485298 
0.996193 1.39568 -0.499042 0.3562 
-0.486522 1.71701 -0.586833 -0.166282 
0.354705 -1.75582 0.597541 0.120713 
0.693776 0.863104 -0.473565 0.380658 
0.0255808 -1.25247 0.617165 0.0126052 
-1.50432 -0.030669 0.0126298 -0.619492 
0.646602 -0.0210108 0.0161645 0.497458 
0.742132 1.65932 -0.555288 0.248353 
-0.169001 -0.656777 0.494506 -0.127245 
-0.171632 1.89498 -0.601304 -0.0544612 
-0.425132 1.3254 -0.590707 -0.189473 
1.71407 0.923244 -0.285126 0.529357 
0.897244 -0.869531 0.429498 0.443187 
0.153915 -0.767341 0.536245 0.107562 
-0.225277 0.802642 -0.540316 -0.15165 
1.71927 0.601681 -0.200868 0.57397 
-1.3588 1.29698 -0.417799 -0.437713 
-1.69834 -0.814549 0.261555 -0.545344 
1.9937 -0.0577758 0.0173358 0.598215 
0.134903 1.986 -0.597325 0.0405745 
-0.522942 -0.152408 0.125424 -0.430353 
-1.92533 0.40693 -0.124081 -0.587073 
0.643164 -1.45618 0.564942 0.249523 
-1.50722 -0.203407 0.0828304 -0.613765 
1.25712 -0.67109 0.292162 0.547291 
0.489828 -0.0290735 0.0247301 0.416652 
-1.02537 1.02292 -0.438082 -0.439134 
1.43676 -1.22102 0.391602 0.460793 
-0.296936 -0.201494 0.183996 -0.271149 
-0.630349 -1.56964 0.569857 -0.228848 
0.640572 -1.33164 0.558726 0.268768 
0.322527 -0.707354 0.496201 0.226249 
1.00555 0.0252392 -0.0149415 0.595278 
-1.21756 0.146249 -0.0734748 -0.611695 
1.3512 -0.575331 0.242934 0.570545 
-1.83734 -0.689687 0.210982 -0.562061 
-0.783142 -0.025366 0.0177147 -0.546918 
-0.792167 -1.34143 0.532581 -0.314511 
-0.100811 0.383971 -0.344057 -0.0903312 
1.50823 0.136165 -0.0556984 0.616942 
-0.956494 -1.34367 0.501599 -0.357064 
-1.22722 0.753985 -0.324732 -0.528548 
-1.30733 0.52035 -0.229429 -0.576417 
-0.951203 0.481253 -0.272341 -0.538285 
-1.11476 -1.19119 0.450013 -0.42114 
1.87459 -0.326225 0.103514 0.594824 
-0.768358 0.141527 -0.0990006 -0.53748 
-0.937809 -1.36388 0.507169 -0.348731 
0.423507 0.473657 -0.367287 0.3284 
-0.733965 0.523121 -0.334903 -0.469885 
1.27183 -1.38114 0.445159 0.40993 
0.465297 -1.3834 0.587839 0.197715 
0.666765 0.576013 -0.374354 0.433335 
-0.437927 1.93107 -0.584481 -0.132549 
0.479676 -0.695863 0.464468 0.32017 
-0.821268 -1.42358 0.533503 -0.30778 
-1.11239 -0.409078 0.211837 -0.576042 
1.93839 0.381586 -0.11581 0.588298 
-1.14761 0.672367 -0.313224 -0.534616 
-1.27971 0.636412 -0.276247 -0.555481 
0.444682 -1.65682 0.592137 0.158927 
-0.988204 -0.372451 0.212347 -0.563408 
0.00714836 1.83177 -0.607572 0.00237101 
-0.208942 -1.49001 0.613618 -0.086047 
0.548162 0.339451 -0.261545 0.422356 
1.02188 -1.53492 0.505219 0.336353 
-1.77721 -0.446378 0.147998 -0.589242 
-0.562903 1.19078 -0.559933 -0.264689 
-1.50541 1.15601 -0.367881 -0.479072 
1.00403 -1.40162 0.498108 0.356811 
-0.436661 -1.65306 0.592996 -0.156642 
-0.602913 1.70061 -0.573965 -0.203487 
-0.532023 -0.114249 0.0940532 -0.437977 
-0.270696 -0.586105 0.451331 -0.20845 
0.886196 0.651958 -0.35964 0.488852 
1.23845 -0.0580735 0.0288881 0.616058 
0.515546 -1.71967 0.583748 0.175004 
-1.11578 1.47779 -0.484057 -0.365478 
-1.64402 0.0835285 -0.0312481 -0.61503 
1.71606 -0.00292842 0.00104618 0.613067 
-1.47537 -0.453446 0.181808 -0.591547 
1.67961 0.141884 -0.0517106 0.612148 
1.83258 0.0957425 -0.0316906 0.606579 
-0.367166 -1.67582 0.598883 -0.131213 
0.045826 -0.405502 0.36126 0.0408262 
-1.4478 0.0850673 -0.0363821 -0.619205 
-0.38354 0.734053 -0.496131 -0.259226 
0.816124 1.73194 -0.545566 0.257082 
-1.22972 1.06905 -0.404413 -0.465193 
-0.285434 1.41405 -0.608058 -0.12274 
1.13594 1.18362 -0.444453 0.42655 
0.871027 -0.353472 0.219841 0.541732 
-1.41369 -0.683356 0.269043 -0.556584 
-1.8477 -0.0854021 0.0280095 -0.605996 
-1.18887 -1.10014 0.418871 -0.452658 
0.97726 1.0174 -0.447427 0.429776 
0.4701 1.08603 -0.563147 0.243764 
1.55936 -1.22106 0.36948 0.471847 
-0.929256 -0.229299 0.140796 -0.570588 
0.359291 0.553092 -0.42185 0.274036 
-1.69086 0.333189 -0.118467 -0.601192 
1.0111 0.141102 -0.0825951 0.591855 
1.09577 -0.269237 0.145431 0.59189 
1.25957 -0.862681 0.3499 0.510879 
-0.697696 1.13832 -0.528363 -0.323842 
1.39795 -0.114335 0.0505713 0.618325 
-1.29194 -1.14178 0.405753 -0.459116 
-1.35499 -0.959711 0.355637 -0.502113 
0.613785 0.115667 -0.0903485 0.479434 
-0.642791 0.603021 -0.391833 -0.417675 
-1.3715 0.549331 -0.230531 -0.575561 
-0.685403 -1.77177 0.563256 -0.217894 
-0.51837 -1.05706 0.550599 -0.270008 
0.832788 1.51922 -0.536968 0.294348 
-0.319604 -1.16606 0.593302 -0.162617 
0.0397723 -0.853912 0.565898 0.0263575 
0.557978 -1.70888 0.579205 0.18912 
-0.416678 0.152375 -0.133164 -0.364145 
-1.39738 -0.731814 0.286712 -0.547472 
-0.579444 0.278832 -0.21509 -0.446981 
-0.476525 1.05256 -0.557233 -0.252276 
-1.0075 -1.59392 0.511157 -0.323098 
-1.79113 0.16959 -0.0574266 -0.606513 
-1.10474 1.48684 -0.486829 -0.361722 
0.363059 -0.206281 0.182855 0.321829 
-1.59548 1.04612 -0.330901 -0.504671 
1.50532 0.0894699 -0.0367595 0.618473 
0.816281 -1.07895 0.494436 0.374066 
1.6513 0.118732 -0.0441406 0.613896 
1.50491 0.256262 -0.103947 0.61043 
1.44772 -0.266552 0.11228 0.609824 
-1.00292 -0.290387 0.167048 -0.576938 
-0.814438 0.435613 -0.274273 -0.51279 
-0.616357 1.23717 -0.555207 -0.276604 
-1.49858 -0.339341 0.136708 -0.603724 
-1.16352 0.787207 -0.34765 -0.513837 
-1.24954 -1.04517 0.395489 -0.472823 
0.998536 -0.690345 0.349995 0.506244 
-1.3264 -0.885988 0.342989 -0.513482 
-0.810221 0.623484 -0.364565 -0.473754 
0.564384 1.33216 -0.571153 0.241976 
-0.363749 1.45675 -0.601213 -0.150122 
1.72287 -0.0932031 0.0330953 0.61177 
0.365606 0.227645 -0.200371 0.321803 
-1.90438 -0.223628 0.0703189 -0.598826 
0.306949 -0.773992 0.521422 0.206785 
0.985624 0.564359 -0.303169 0.529469 
-0.826631 -0.14599 0.0978586 -0.554101 
-1.41265 -0.68607 0.270066 -0.556081 
0.228925 -0.275824 0.251918 0.209084 
-1.08763 0.381733 -0.202503 -0.576968 
-1.77528 -0.0614762 0.0211227 -0.609969 
0.25714 -0.760596 0.523725 0.177059 
-0.643998 0.280103 -0.207363 -0.476758 
-0.846991 0.388732 -0.243237 -0.529978 
1.08042 1.22624 -0.462371 0.407385 
1.38917 -0.848035 0.321209 0.526173 
0.41116 -1.54933 0.59661 0.158328 
1.36639 0.995981 -0.361739 0.496271 
-0.0672711 0.761078 -0.53909 -0.0476497 
-1.1165 0.840692 -0.373166 -0.495592 
-0.979001 -1.43563 0.505726 -0.344871 
-0.597972 -1.38627 0.568867 -0.245383 
0.498555 -0.00722157 0.00611381 0.422078 
-0.42334 -0.207435 0.178448 -0.364184 
-1.97781 0.0665968 -0.0201713 -0.599052 
-0.574579 -0.416022 0.306443 -0.423237 
0.228466 -1.27028 0.608874 0.109509 
0.613303 -0.512166 0.353659 0.423496 
-0.50382 -1.0657 0.554496 -0.262142 
1.49662 -0.870748 0.307967 0.529326 
1.92713 -0.396853 0.12103 0.587727 
0.17116 -1.24395 0.611652 0.0841596 
-0.120211 -0.809891 0.551209 -0.081815 
0.352623 -0.214859 0.19093 0.31335 
-0.248946 -0.173157 0.162101 -0.233051 
0.0446473 0.93463 -0.583173 0.0278582 
0.36626 -1.09853 0.580461 0.193531 
1.76653 0.484044 -0.160564 0.585983 
1.41482 0.681518 -0.268281 0.556945 
0.955621 0.498347 -0.279548 0.536056 
-1.36871 1.27011 -0.41201 -0.443994 
1.16495 -0.552256 0.264986 0.558971 
0.00533183 -0.109683 0.108701 0.00528411 
-1.42584 0.332648 -0.140899 -0.603938 
-0.0217824 0.593047 -0.472948 -0.0173712 
1.52443 -1.13493 0.360624 0.484389 
-0.857229 0.371127 -0.231842 -0.53551 
1.95694 0.293136 -0.0887954 0.592787 
0.00392457 1.2503 -0.61719 0.0019373 
-0.23805 1.24313 -0.60678 -0.116194 
0.799251 -0.189024 0.12841 0.542954 
1.53206 0.460408 -0.177677 0.591239 
-0.0940225 -1.73886 0.611063 -0.0330411 
0.367938 1.67489 -0.598841 0.131553 
-1.50083 1.16009 -0.36944 -0.477951 
-1.40785 0.382106 -0.162454 -0.598551 
0.266067 -0.756538 0.521284 0.183331 
1.41141 1.2914 -0.40718 0.445019 
-0.932124 0.230015 -0.140923 -0.571083 
-0.980027 0.486424 -0.269546 -0.543071 
-0.11499 -1.96133 0.599199 -0.03513 
0.9813 1.42887 -0.504745 0.346641 
-0.870396 -0.562287 0.325379 -0.503673 
0.70279 0.699842 -0.418692 0.420455 
-1.00905 -0.238628 0.138019 -0.583619 
1.37296 0.149155 -0.0669923 0.616658 
-0.894171 0.0213464 -0.0137363 -0.575396 
0.0866219 0.131717 -0.129314 0.0850416 
1.16645 -0.789353 0.347702 0.513808 
0.00669236 -0.748624 0.536191 0.0047933 
-0.607661 -1.57814 0.573091 -0.220668 
0.896502 -0.305278 0.188869 0.554646 
-0.398556 -1.39498 0.596405 -0.170398 
-0.416012 0.0636865 -0.0563549 -0.36812 
-1.64493 0.982128 -0.30914 -0.517766 
0.66967 0.698193 -0.425411 0.408031 
1.47138 0.484877 -0.193649 0.587637 
-1.0027 0.949229 -0.426433 -0.450452 
-1.17254 -1.11755 0.425497 -0.446434 
1.02543 -0.626005 0.320319 0.524701 
-1.60794 0.747116 -0.257247 -0.553646 
0.496397 0.319616 -0.255402 0.396666 
-1.98778 0.102551 -0.0308469 -0.597915 
-0.646236 -0.629642 0.402813 -0.413429 
-0.0768077 0.762308 -0.539132 -0.0543212 
1.38468 -1.27434 0.40964 0.445108 
-1.21502 1.41186 -0.45929 -0.395259 
-0.75268 1.09074 -0.509898 -0.351862 
-0.454393 0.094096 -0.0812926 -0.392565 
0.4357 -0.13058 0.113404 0.378388 
1.96545 -0.251525 0.0760665 0.594394 
-0.0232263 -1.71154 0.613197 -0.00832134 
-1.66938 -0.558284 0.193814 -0.579543 
-1.00244 0.950523 -0.4268 -0.450112 
1.10903 -1.48519 0.485912 0.362843 
1.49453 -0.0339705 0.0140837 0.619615 
0.619178 -1.37431 0.56489 0.254504 
-0.365541 0.21844 -0.192776 -0.322593 
1.40928 1.17625 -0.389195 0.466297 
-1.39695 1.02945 -0.363201 -0.492858 
-0.979612 -0.412211 0.233831 -0.555696 
0.971894 1.33406 -0.497614 0.362524 
0.239246 -0.168716 0.158626 0.224937 
0.340305 -1.38868 0.60255 0.147659 
1.00162 -0.796495 0.384831 0.48394 
1.47651 0.465106 -0.185903 0.590163 
-0.425244 -1.27261 0.587873 -0.196439 
-1.55569 1.08702 -0.345974 -0.49514 
0.766961 0.861501 -0.456753 0.406629 
-0.316694 -1.16401 0.593457 -0.161464 
0.479768 -0.0533077 0.0455578 0.410019 
0.886107 -0.175254 0.112034 0.566457 
0.51926 1.40221 -0.581198 0.215227 
0.711274 -1.66637 0.559736 0.238918 
-1.07302 1.08383 -0.440062 -0.435673 
0.630744 -0.0597692 0.0464038 0.489699 
-0.865543 1.60976 -0.535312 -0.287829 
1.04416 0.594692 -0.304247 0.534196 
-0.528835 -1.0506 0.547691 -0.275689 
1.75531 -0.807576 0.251658 0.546993 
1.54372 0.171338 -0.0682425 0.614852 
0.0128333 -1.43145 0.620348 0.00556155 
0.148553 0.720638 -0.520935 0.107386 
-0.0276193 -0.229076 0.220335 -0.0265654 
0.825072 0.755177 -0.410924 0.448957 
-1.19864 -0.479285 0.229691 -0.574431 
1.47839 -0.466727 0.186261 0.589994 
0.391967 -0.181567 0.159701 0.344762 
-1.48915 -0.723705 0.269026 -0.553567 
-0.413718 1.4497 -0.595785 -0.170026 
1.44688 -1.02806 0.353551 0.497586 
0.230866 -1.75495 0.605416 0.079643 
-1.79523 0.731126 -0.226968 -0.557305 
-0.00765142 -0.246284 0.235634 -0.00732055 
0.903253 0.620147 -0.343251 0.499949 
-0.369416 0.161643 -0.144373 -0.329947 
1.01189 0.599702 -0.312619 0.527489 
-0.262614 1.14939 -0.597944 -0.136619 
0.620127 -0.255683 0.193505 0.469321 
0.960355 -0.482033 0.271048 0.540009 
0.938236 0.533364 -0.298859 0.52572 
-1.22812 0.706731 -0.309437 -0.537725 
-1.01533 0.939302 -0.42124 -0.455335 
1.42352 0.661298 -0.260459 0.560668 
0.577642 -1.70513 0.57696 0.195456 
-0.367743 -1.91317 0.590379 -0.113481 
0.675973 1.04921 -0.518757 0.33422 
-0.318147 0.748621 -0.511513 -0.217382 
0.117807 0.812347 -0.552035 0.0800562 
0.60216 0.994557 -0.523706 0.317081 
0.062791 1.74649 -0.611279 0.0219771 
0.64956 -1.04597 0.523587 0.325153 
1.39896 1.07728 -0.372686 0.483972 
-0.856451 0.372051 -0.23248 -0.535162 
-0.531645 0.991062 -0.536811 -0.287966 
-0.808702 0.523223 -0.319814 -0.494309 
-0.748915 0.505937 -0.323302 -0.478568 
-0.745895 1.84283 -0.555104 -0.224682 
1.36728 -0.469361 0.201402 0.586698 
1.49263 0.375816 -0.151123 0.600218 
-1.22983 -1.35416 0.449869 -0.408564 
0.938018 1.42805 -0.512679 0.336753 
-0.760787 0.491901 -0.313825 -0.48537 
0.581948 -0.828715 0.488109 0.342765 
1.51259 0.0179824 -0.00736416 0.619437 
-0.891089 0.895179 -0.437783 -0.435782 
-0.775673 1.64457 -0.550143 -0.259479 
-0.212704 -0.147462 0.140462 -0.202608 
0.295911 1.22381 -0.600253 0.145138 
0.395221 1.13127 -0.580179 0.202692 
-0.229388 -1.85897 0.600837 -0.0741405 
-1.56572 -0.498538 0.186873 -0.586896 
1.78248 -0.2683 0.0906544 0.602272 
-1.87394 0.557871 -0.171418 -0.575806 
-0.767225 -1.48937 0.546484 -0.281513 
-0.755128 -1.67767 0.553662 -0.249206 
-0.401738 1.1554 -0.581774 -0.202285 
1.20622 1.46727 -0.466538 0.383533 
0.117993 -1.62994 0.614634 0.0444938 
-1.16018 -1.16072 0.43568 -0.435477 
-0.293831 -0.490409 0.396684 -0.237676 
-0.852971 0.0279133 -0.0185178 -0.565865 
0.116739 -0.388556 0.346593 0.104132 
1.44561 0.59683 -0.235974 0.571565 
0.528919 -0.780901 0.484535 0.328185 
-1.06505 0.326788 -0.178409 -0.581462 
1.37619 -0.741288 0.293254 0.544424 
0.735636 -0.523399 0.334701 0.47042 
-1.38565 1.27274 -0.409218 -0.445523 
1.05001 -0.907301 0.405581 0.469374 
1.8953 -0.498849 0.15285 0.580732 
-0.66978 -0.759515 0.447345 -0.394492 
1.04588 1.26356 -0.474555 0.392801 
0.489489 -0.283449 0.230175 0.397491 
-0.729064 0.409763 -0.275298 -0.48982 
0.403247 -1.74133 0.59408 0.137574 
0.171831 0.960597 -0.581615 0.104039 
0.721887 -1.12869 0.522133 0.333945 
-1.63662 1.03779 -0.322262 -0.508216 
-0.0845326 -0.727538 0.527188 -0.0612539 
0.821782 -0.555318 0.332226 0.491642 
0.415313 -1.61403 0.595664 0.153273 
-1.40005 1.08671 -0.374351 -0.48229 
-0.624071 1.54503 -0.570312 -0.230361 
-0.227644 1.25768 -0.608359 -0.110115 
0.223012 -0.616002 0.471264 0.170613 
0.736627 0.868058 -0.465371 0.39491 
-1.42147 -0.770041 0.293809 -0.54236 
1.7698 -0.253882 0.0865876 0.603597 
1.53927 0.248353 -0.098515 0.610585 
-0.930833 -1.36883 0.508959 -0.346103 
-1.42996 -0.636429 0.251421 -0.564906 
-1.67813 0.887845 -0.282461 -0.533884 
1.29076 0.010889 -0.00521882 0.618626 
0.12797 -0.902446 0.573381 0.0813073 
1.17468 0.244182 -0.125095 0.601789 
-0.718796 0.332409 -0.230727 -0.498922 
0.888698 0.303449 -0.188862 0.553112 
0.984253 0.442146 -0.247791 0.551603 
0.326613 -0.764571 0.515541 0.220231 
1.36191 -1.14778 0.393174 0.466525 
1.98882 -0.109403 0.03288 0.597723 
-1.32702 -0.192075 0.0887871 -0.613418 
0.696118 1.24003 -0.540983 0.303693 
-0.364859 0.740738 -0.501569 -0.247054 
1.07771 1.3263 -0.476028 0.386807 
1.97866 -0.155966 0.0470732 0.597192 
-1.35357 -0.83201 0.323456 -0.52622 
1.01539 -0.939596 0.421298 0.455284 
1.44376 0.593013 -0.234971 0.572064 
0.13154 1.4514 -0.617686 0.0559806 
1.43205 -0.316793 0.133945 0.605493 
-0.976835 0.111645 -0.0672266 -0.588196 
-0.374871 -1.13796 0.583698 -0.192284 
0.220039 -0.764209 0.529159 0.152361 
1.50851 1.04219 -0.345302 0.499807 
1.95067 -0.30542 0.0927592 0.592439 
0.510635 1.73332 -0.584021 0.172052 
-0.412194 -1.85176 0.589648 -0.131253 
-0.336848 -1.64045 0.602194 -0.123654 
1.2151 -1.1613 0.424583 0.444255 
1.2162 0.524878 -0.245476 0.568796 
-0.340006 0.0253843 -0.0233746 -0.313088 
-0.102608 -1.23225 0.614457 -0.0511648 
1.00079 -1.29687 0.48776 0.376401 
0.140663 0.707136 -0.516603 0.102762 
0.929197 -1.55793 0.522592 0.31169 
1.48429 -0.11703 0.0487223 0.617944 
-1.90455 0.47312 -0.144739 -0.582651 
1.75504 -0.715801 0.228167 0.559432 
1.15331 -0.799707 0.353509 0.50982 
-0.379492 0.192752 -0.170123 -0.334942 
-1.452 0.250254 -0.105316 -0.61105 
-0.883264 1.03566 -0.471814 -0.402385 
0.501043 -0.68674 0.456713 0.333216 
0.682608 -1.78481 0.563504 0.215515 
0.506617 1.62372 -0.585851 0.182792 
-0.284713 1.96317 -0.592907 -0.0859877 
0.504971 -0.873545 0.51592 0.298238 
-0.797787 1.63821 -0.546691 -0.266232 
0.00992803 -0.772629 0.543853 0.00698833 
-1.22658 -1.04423 0.399973 -0.469817 
0.508222 0.0318173 -0.0267649 0.42752 
0.0999346 -0.283253 0.265485 0.0936657 
-0.702794 -1.5923 0.559886 -0.247117 
0.287135 -1.25268 0.602841 0.138181 
-0.908547 -0.607363 0.336875 -0.503928 
0.781501 0.147282 -0.101982 0.541131 
1.19485 0.394909 -0.193788 0.586329 
-1.56056 -0.331696 0.128379 -0.603996 
-1.4631 0.204044 -0.0856384 -0.614071 
0.532678 1.37904 -0.578354 0.223399 
0.534655 -0.669463 0.44303 0.353818 
0.604278 -0.00275172 0.0021788 0.478464 
0.556012 1.0305 -0.539309 0.290988 
0.683547 -1.45113 0.558381 0.263022 
-0.0788497 1.7543 -0.61067 -0.0274475 
0.418499 1.67173 -0.594412 0.148805 
0.242087 1.86045 -0.600168 0.0780953 
-0.185783 -0.0445336 0.0433522 -0.180855 
1.9909 -0.0973988 0.0292467 0.597825 
0.849931 1.69248 -0.53999 0.271173 
-1.22281 -0.24248 0.12002 -0.605251 
-0.0455985 0.272382 -0.257773 -0.0431528 
1.97519 -0.211608 0.0638017 0.595537 
0.926281 -1.58158 0.52423 0.307025 
-1.26081 -0.436792 0.202857 -0.585552 
-0.22087 0.938312 -0.573208 -0.134928 
-0.0392041 -1.24546 0.616707 -0.0194124 
0.365081 1.29734 -0.596741 0.167928 
-0.0197575 0.263455 -0.250455 -0.0187826 
1.69666 -0.784106 0.254061 0.549741 
0.376993 -0.167449 0.148833 0.33508 
-1.21005 0.749966 -0.326828 -0.527326 
1.15453 1.13955 -0.433179 0.438874 
1.81539 -0.689069 0.213473 0.562406 
-0.289446 1.25473 -0.602724 -0.139039 
-0.584085 -1.58774 0.57632 -0.212012 
-1.83421 0.415943 -0.133793 -0.589995 
-1.23848 0.157495 -0.0778502 -0.612185 
0.494811 1.08608 -0.558995 0.254674 
0.355711 0.555214 -0.423514 0.271335 
-1.64593 0.976182 -0.307681 -0.518777 
-1.03657 -1.27128 0.477436 -0.389291 
-1.91181 0.447357 -0.136774 -0.584512 
0.874573 1.76699 -0.537581 0.266076 
-1.33238 0.542052 -0.233769 -0.574612 
-1.73744 -0.846566 0.263722 -0.541245 
-1.38629 0.665461 -0.267866 -0.558021 
-1.28887 -0.956469 0.367807 -0.495632 
-1.48285 -0.7605 0.280687 -0.547292 
1.22061 -0.747559 0.324008 0.529039 
-0.532869 -1.0456 0.546151 -0.278334 
1.10784 0.162899 -0.0885579 0.60226 
1.09506 0.0847648 -0.0468231 0.6049 
1.08576 -0.871036 0.38819 0.483885 
-0.726821 1.66633 -0.557554 -0.243194 
-0.437854 1.20218 -0.580955 -0.211593 
-0.607278 1.13225 -0.54502 -0.292319 
-0.304806 -0.42132 0.352089 -0.25472 
-0.887311 -1.50332 0.52684 -0.310958 
0.914995 -1.58901 0.526441 0.303139 
-0.143184 -0.210804 0.201087 -0.136584 
0.362601 -0.738658 0.501216 0.246043 
0.307267 1.07153 -0.584711 0.16767 
1.40246 0.361002 -0.154625 0.600706 
-1.4146 -0.691832 0.271544 -0.555233 
-0.804194 -0.114521 0.078313 -0.549934 
0.118795 -0.117865 0.115448 0.11636 
-0.94822 1.57257 -0.520107 -0.313612 
1.50089 0.319014 -0.128704 0.605527 
-1.75998 -0.216791 0.0746335 -0.605901 
-0.831924 -0.300891 0.195035 -0.539246 
0.572788 -1.1314 0.551273 0.27909 
-0.607231 -0.6073 0.401284 -0.401238 
-0.872497 -0.442723 0.267545 -0.527264 
-0.920456 1.73564 -0.530278 -0.281221 
0.110981 0.285018 -0.266528 0.103781 
1.33835 -1.313 0.423897 0.432082 
0.500852 -1.89429 0.580587 0.153507 
0.730411 -1.66192 0.556995 0.244798 
1.77169 0.206204 -0.0705192 0.605893 
-0.212821 -1.07474 0.594885 -0.1178 
0.172338 -1.63125 0.61262 0.0647218 
-1.82843 0.0791201 -0.0262702 -0.607093 
1.78466 -0.281717 0.0949337 0.6014 
1.31517 -1.33459 0.431179 0.424905 
-1.13672 -1.37759 0.470402 -0.388151 
-0.252209 1.75445 -0.604306 -0.0868713 
0.809698 0.230779 -0.154406 0.54174 
-0.368107 1.61155 -0.600116 -0.137077 
-0.924865 -0.90286 0.432187 -0.442721 
-1.12707 1.30939 -0.464265 -0.399619 
-1.89647 -0.602267 0.181226 -0.570662 
0.139542 0.348872 -0.315973 0.126382 
-0.638943 0.73897 -0.447074 -0.386558 
1.92097 -0.417841 0.127561 0.586445 
1.43246 -0.731218 0.280564 0.549627 
-1.91374 -0.115654 0.0363722 -0.601856 
0.12517 -0.288158 0.268516 0.116638 
-1.0956 -0.194659 0.106377 -0.598719 
-0.954999 -0.491565 0.276502 -0.53718 
-1.36356 -0.804569 0.313976 -0.532117 
-0.62807 0.811767 -0.473228 -0.36614 
0.263587 -0.75867 0.522296 0.181463 
1.66677 0.570916 -0.197998 0.578049 
-0.263524 1.41308 -0.609835 -0.113727 
-0.110482 -1.32195 0.617393 -0.0515988 
-1.04602 -1.56985 0.503194 -0.335288 
-1.08665 0.871318 -0.388075 -0.483982 
0.374791 1.67491 -0.598261 0.133871 
-0.0525274 1.82642 -0.607562 -0.0174734 
-0.679857 -1.50334 0.560989 -0.253697 
1.5222 -0.573235 0.217269 0.576948 
1.5351 -0.474986 0.18242 0.589562 
-1.47691 -0.954064 0.331638 -0.513384 
-0.225663 0.17687 -0.166694 -0.21268 
0.632051 -1.81065 0.569237 0.198706 
1.12803 0.967155 -0.403492 0.470611 
0.33804 -1.74751 0.599058 0.115882 
0.241202 1.5052 -0.611459 0.0979834 
0.267067 0.896113 -0.559404 0.166718 
1.57674 -0.899442 0.301469 0.528482 
1.92382 -0.00607018 0.0019013 0.602578 
-0.176241 0.389739 -0.343595 -0.155374 
-0.570316 0.139721 -0.111885 -0.456695 
-1.21939 0.0433253 -0.021865 -0.615392 
1.37762 -0.447329 0.191568 0.589963 
-0.615983 0.620077 -0.405121 -0.402446 
-1.17939 0.718096 -0.322582 -0.529805 
-1.5466 0.764028 -0.271362 -0.549309 
-1.26167 -0.99617 0.382422 -0.484345 
1.20672 0.604139 -0.277535 0.554352 
1.49468 -0.0329991 0.0136798 0.619622 
0.443552 -1.2263 0.582113 0.21055 
1.20998 0.28642 -0.142101 0.600307 
-0.0562586 1.50336 -0.619191 -0.0231713 
-0.347045 0.742666 -0.505089 -0.236026 
0.230041 -1.76452 0.605065 0.0788825 
-0.850775 0.381859 -0.238828 -0.532105 
-0.804532 0.217101 -0.146184 -0.541727 
-1.97823 0.171255 -0.0516617 -0.596764 
1.23077 -1.52312 0.467152 0.377486 
-0.255979 -0.162517 0.152142 -0.239638 
-0.141355 -0.49849 0.417057 -0.118263 
-0.111886 0.76378 -0.537921 -0.0787998 
-1.48493 0.108394 -0.0451277 -0.618218 
-0.230801 0.275921 -0.251854 -0.210669 
-1.69749 -0.928695 0.288914 -0.528083 
-1.65845 -1.0828 0.327629 -0.501805 
-1.14774 -1.60069 0.487557 -0.349591 
0.21352 -0.618339 0.473364 0.163458 
1.62575 0.151355 -0.0571289 0.613638 
0.0850848 -0.419982 0.370101 0.0749793 
1.99166 -0.0836753 0.0251239 0.598005 
0.788568 -0.240161 0.162785 0.534504 
-1.10606 0.851137 -0.378334 -0.491649 
0.695671 -0.804654 0.456149 0.394368 
-1.32247 1.33509 -0.42987 -0.425806 
0.989249 -0.0458898 0.0274852 0.5925 
-1.41822 -0.676355 0.266098 -0.557967 
-1.1686 0.78715 -0.346595 -0.514556 
-1.47611 0.0518034 -0.0217457 -0.619635 
0.677503 1.42641 -0.558193 0.265126 
-1.38562 0.0355877 -0.0159267 -0.620115 
1.51684 1.00656 -0.336267 0.506736 
-1.04728 -1.2559 0.473254 -0.394639 
0.0278494 -1.99066 0.598626 0.00837478 
-0.50445 -1.85199 0.581638 -0.158428 
0.482019 -1.51311 0.588563 0.187493 
-0.957252 0.171236 -0.103943 -0.581068 
-0.940143 0.217239 -0.132614 -0.573914 
0.910438 0.605666 -0.335776 0.504739 
-1.48412 0.115876 -0.0482508 -0.617985 
-1.01337 -0.136685 0.0799111 -0.59245 
0.791673 -1.54489 0.54483 0.279196 
0.471635 0.385068 -0.303967 0.372302 
-1.04923 0.650827 -0.324967 -0.523895 
0.20025 -1.00004 0.585822 0.117307 
0.720851 -1.66506 0.558382 0.241738 
0.871771 -1.2249 0.504836 0.359297 
0.709073 -1.38312 0.550478 0.28221 
0.0367358 -1.75364 0.611247 0.0128046 
1.56602 -0.484018 0.181922 0.588599 
0.241297 0.296623 -0.267767 0.217823 
0.622438 0.485569 -0.337653 0.432829 
-0.675013 -0.265934 0.193656 -0.491551 
-0.0288957 0.834837 -0.561292 -0.0194277 
1.50379 0.0503039 -0.0207156 0.619274 
0.187153 0.681837 -0.503069 0.138084 
1.99188 -0.0864297 0.0259456 0.59795 
0.21998 1.19951 -0.605646 0.11107 
0.55035 -0.901899 0.514013 0.313657 
1.48601 0.409431 -0.164396 0.596669 
-1.75089 -0.757593 0.23965 -0.553861 
-0.50004 -0.309584 0.247755 -0.400174 
-0.576861 -0.478342 0.342425 -0.412951 
-1.57997 1.18875 -0.360427 -0.479044 
0.609949 0.649139 -0.418867 0.393579 
-0.646438 -1.85132 0.566883 -0.197942 
-0.678143 -0.0220687 0.0166123 -0.510476 
-1.7758 -0.391104 0.130829 -0.594027 
0.63399 -1.32659 0.559484 0.267383 
-0.142073 -0.162862 0.15738 -0.137291 
0.584501 0.344681 -0.25945 0.439968 
0.161559 0.69403 -0.510064 0.118735 
1.21721 -0.722278 0.316596 0.533542 
0.654566 -0.817568 0.469186 0.375642 
-0.862729 -1.42112 0.5259 -0.319262 
-0.328259 1.74945 -0.599695 -0.112524 
0.0709996 0.0405188 -0.0403169 0.0706458 
-1.43731 -0.357036 0.149461 -0.601682 
0.150193 -0.781307 0.540857 0.10397 
1.20807 -0.623822 0.284504 0.55096 
-0.132276 1.02874 -0.594862 -0.0764877 
-1.25157 -1.01274 0.388141 -0.479674 
-0.170966 -1.72417 0.609359 -0.0604231 
0.0837142 0.636585 -0.491387 0.0646198 
0.947202 0.524609 -0.293177 0.529342 
-0.957361 1.05437 -0.459305 -0.417045 
-0.493425 0.862617 -0.515318 -0.294767 
0.0789364 0.155695 -0.152229 0.0771792 
0.519395 0.127488 -0.105568 0.430091 
0.83214 -1.47784 0.534934 0.301209 
-1.72106 -0.180219 0.0637827 -0.609112 
-0.479492 1.14607 -0.569051 -0.23808 
0.0425822 1.36758 -0.619875 0.019301 
0.283216 -1.15099 0.595986 0.146651 
0.363946 -0.831726 0.529873 0.231861 
0.257075 0.926467 -0.567027 0.157338 
-0.76954 -0.828121 0.446614 -0.41502 
1.3445 -0.630273 0.263126 0.561303 
0.655139 1.36686 -0.558579 0.267727 
0.331733 1.16127 -0.59145 0.168955 
-1.97607 0.178055 -0.0537631 -0.59667 
0.581359 -1.26151 0.563389 0.259634 
1.64522 -0.242693 0.0897795 0.608617 
-0.356936 -0.180239 0.161264 -0.319358 
1.83527 0.00692822 -0.00229293 0.607391 
-0.745121 0.0994296 -0.0710576 -0.532503 
-0.658676 -0.945196 0.501637 -0.349574 
-0.797163 -0.40459 0.260443 -0.51315 
1.86925 -0.702836 0.210573 0.560038 
1.224 1.04833 -0.401354 0.468608 
-1.20056 -0.238467 0.120007 -0.604174 
-1.25724 -0.972563 0.377926 -0.488549 
0.55262 -0.785261 0.481055 0.338538 
-1.62459 0.850369 -0.281716 -0.538206 
0.46202 -1.72892 0.589026 0.157406 
-1.47092 0.502842 -0.2001 -0.585339 
0.0255734 1.24754 -0.616957 0.0126471 
1.28793 1.32667 -0.435295 0.422583 
1.85717 -0.596223 0.183725 0.572284 
-1.47671 0.853585 -0.307025 -0.531157 
-0.650084 0.411388 -0.290285 -0.458715 
0.93286 -0.0897647 0.055948 0.581427 
-1.61075 1.02798 -0.324569 -0.50857 
0.268191 1.06775 -0.588679 0.147861 
0.780301 -1.09897 0.505465 0.358896 
-1.01881 -1.35216 0.490406 -0.369505 
-0.522945 0.0538397 -0.0448353 -0.435485 
1.88208 0.129513 -0.0415108 0.603234 
0.914179 -1.591 0.526662 0.302618 
-1.67166 0.0247069 -0.00908665 -0.6148 
1.114 -0.608406 0.296188 0.542327 
-1.14589 1.45992 -0.476943 -0.374353 
-1.41511 -1.1764 0.388122 -0.466881 
0.992274 -1.64185 0.515976 0.311837 
1.00734 0.0725198 -0.0428 0.594516 
-1.25442 1.38676 -0.44909 -0.406232 
0.252441 1.19046 -0.60222 0.127703 
1.78289 0.600413 -0.19307 0.573311 
0.120007 0.71393 -0.520471 0.0874875 
1.11235 0.680445 -0.323021 0.528055 
0.55349 -1.71442 0.579647 0.187135 
-1.33772 0.53422 -0.230064 -0.576094 
-1.57031 -0.193567 0.075591 -0.61323 
1.0235 -0.283829 0.161087 0.580888 
0.434791 -1.73357 0.591488 0.148349 
0.207658 0.802727 -0.542171 0.140255 
0.0825398 -0.792197 0.548045 0.0571015 
1.27783 -0.635871 0.276386 0.555418 
0.492234 0.758833 -0.484651 0.314379 
0.207904 1.10973 -0.599129 0.112245 
-0.421068 -0.475669 0.368877 -0.326535 
-1.46406 -1.25342 0.391758 -0.457593 
1.00775 -1.58438 0.510607 0.324772 
-1.45223 -0.565081 0.224287 -0.576404 
0.840489 -0.232709 0.152255 0.549909 
0.23244 -0.302144 0.27291 0.20995 
-1.90822 -0.273008 0.0853112 -0.596293 
0.377308 1.6649 -0.598276 0.135584 
0.898156 1.39781 -0.517618 0.332592 
-0.099145 0.206767 -0.198971 -0.0954067 
-0.628948 1.17128 -0.545881 -0.293125 
1.82703 -0.667831 0.206452 0.564807 
-0.156097 0.993194 -0.588176 -0.0924416 
0.660061 1.79247 -0.566185 0.208492 
1.33193 -0.844567 0.330952 0.521929 
-0.907761 1.77087 -0.532813 -0.273124 
0.604612 0.273029 -0.207689 0.45992 
1.47344 0.973603 -0.33674 0.509617 
1.65519 0.227777 -0.0838295 0.609167 
1.84498 0.581249 -0.180886 0.574162 
-0.448437 -1.1029 0.56887 -0.231302 
-1.99532 0.0622528 -0.0186594 -0.59807 
-0.237721 0.669753 -0.492884 -0.174944 
-0.70607 1.3841 -0.551054 -0.281108 
1.14725 1.15242 -0.436922 0.434963 
-1.57759 1.06804 -0.338404 -0.499855 
0.0700867 0.642813 -0.494652 0.0539325 
-1.37178 -0.790847 0.308582 -0.535257 
-0.0976579 -0.721749 0.52453 -0.0709727 
0.368835 -0.202485 0.179184 0.326391 
-1.82345 0.670417 -0.207565 -0.56455 
0.528919 -0.728599 0.466788 0.33886 
1.02606 1.28375 -0.481125 0.384547 
0.936224 -0.219733 0.134464 0.572916 
0.148134 -1.55236 0.615679 0.0587511 
-0.329511 0.387197 -0.325869 -0.277319 
1.47322 0.491826 -0.195897 0.586793 
0.317954 -0.78681 0.523832 0.211684 
-0.160219 -1.956 0.598349 -0.0490116 
0.193651 0.467689 -0.394143 0.163199 
-0.563269 0.65552 -0.43139 -0.370681 
-0.649334 -1.51806 0.566037 -0.242116 
0.768412 -1.10481 0.508902 0.35395 
-0.0174482 0.752618 -0.537437 -0.0124596 
1.50126 -0.00419301 0.00173075 0.619673 
0.168006 0.690317 -0.508098 0.123659 
1.13017 1.17281 -0.443874 0.427739 
0.599149 1.53667 -0.573646 0.223665 
-0.778735 1.05699 -0.498549 -0.367303 
-1.36363 -0.0744055 0.0337878 -0.619228 
0.56739 1.29722 -0.56841 0.248616 
-1.13115 -0.995733 0.409386 -0.465063 
-0.731044 -0.0877185 0.0633873 -0.528269 
0.335872 0.536933 -0.416933 0.260808 
1.9684 0.146738 -0.0445814 0.598031 
1.13899 -1.46589 0.478756 0.371992 
-0.644373 1.1638 -0.542077 -0.300136 
1.39595 -0.511624 0.213318 0.582032 
-0.998224 -0.599011 0.315069 -0.525047 
1.34301 0.851954 -0.33085 0.521548 
-0.604333 -1.78447 0.572839 -0.193999 
0.496305 -1.54401 0.587076 0.18871 
-0.514399 0.681358 -0.451915 -0.341178 
-1.91886 0.425374 -0.129896 -0.585959 
-1.7184 -0.674661 0.221769 -0.564857 
0.622832 1.57696 -0.571006 0.225522 
-1.16341 0.444348 -0.220138 -0.576373 
0.372867 0.536868 -0.411141 0.285547 
0.411469 -0.72237 0.487111 0.277463 
1.05096 -0.904478 0.404642 0.470176 
0.105617 -0.751294 0.534227 0.0751015 
-1.45063 -0.585522 0.231444 -0.573404 
0.499243 -1.40576 0.584081 0.207431 
-1.03014 0.925002 -0.414439 -0.461546 
0.346528 0.542272 -0.418165 0.26722 
-0.471506 -1.18518 0.574371 -0.228506 
-1.83532 0.64919 -0.200508 -0.566853 
1.39283 1.035 -0.365161 0.491409 
0.358641 -0.803385 0.522636 0.233311 
1.25632 0.998688 -0.384068 0.483145 
-0.00209478 1.75119 -0.611511 -0.000731489 
1.64372 0.526532 -0.186891 0.583436 
1.84828 0.610825 -0.188676 0.57091 
-0.860698 -0.409451 0.252169 -0.530078 
1.04664 -0.287948 0.160589 0.583712 
-0.780108 -1.48017 0.5439 -0.286656 
1.09188 -1.05964 0.431313 0.444434 
0.83521 1.43874 -0.532033 0.308852 
0.566279 1.59792 -0.578674 0.205073 
-1.95602 -0.409747 0.122655 -0.585522 
0.431749 0.453435 -0.353821 0.336898 
-1.25123 -1.0103 0.387674 -0.480124 
0.13401 0.823519 -0.554086 0.0901657 
0.477181 -1.33371 0.58414 0.208996 
-0.0551998 -1.92318 0.602325 -0.0172882 
1.34453 0.832936 -0.325399 0.525262 
-0.974109 -1.06777 0.45826 -0.418064 
-1.49623 -0.339348 0.136926 -0.603726 
-1.087 1.45431 -0.48732 -0.364239 
0.471967 -0.0651216 0.055859 0.404837 
-0.513139 -0.257621 0.208052 -0.414404 
-1.44088 0.28743 -0.12131 -0.608123 
1.12714 -0.830121 0.367894 0.499527 
-0.173811 1.25954 -0.612213 -0.0844823 
1.09248 -1.17973 0.452784 0.419297 
-1.0886 -0.897558 0.394672 -0.478678 
-0.641695 0.521849 -0.352996 -0.434063 
-0.00680946 0.252642 -0.241178 -0.00650047 
0.796574 -1.09271 0.500993 0.36522 
-0.643133 -0.958227 0.507805 -0.340823 
-0.688668 1.67712 -0.562924 -0.231151 
1.50704 0.187394 -0.0764274 0.614638 
0.205326 1.9386 -0.597771 0.0633127 
-0.326034 1.74789 -0.599906 -0.1119 
1.18792 -0.345297 0.172109 0.592103 
-1.3184 0.231934 -0.107382 -0.610399 
-1.49326 0.699826 -0.261287 -0.557526 
-0.198269 -0.809888 0.545134 -0.133455 
-0.310841 -0.595259 0.450262 -0.235124 
0.460838 1.08972 -0.565166 0.239005 
0.282867 -1.21705 0.601136 0.139716 
-0.793807 -1.39798 0.536638 -0.304716 
1.45488 0.557331 -0.221258 0.577582 
0.317337 -1.25149 0.599679 0.152059 
0.32802 0.582082 -0.441331 0.248702 
1.01039 0.086049 -0.050629 0.594485 
-1.01445 -0.19865 0.115169 -0.588137 
-1.20528 0.736234 -0.323405 -0.529442 
-0.745978 0.524766 -0.33327 -0.473758 
0.985998 -0.0787427 0.0472037 0.591074 
0.635023 0.970715 -0.512164 0.335048 
1.88814 -0.518449 0.159032 0.57918 
-1.15405 0.668382 -0.310569 -0.53624 
0.551714 -0.662761 0.436782 0.363598 
1.03216 1.27451 -0.478738 0.387704 
1.39408 -0.153516 0.0679067 0.616661 
0.671917 1.54117 -0.563293 0.245583 
-1.26161 -0.731331 0.311043 -0.536575 
0.645568 0.994545 -0.514836 0.334185 
0.433281 1.65445 -0.593306 0.15538 
1.65849 -0.637142 0.21887 0.569723 
-0.733575 -0.865004 0.465221 -0.394535 
0.309938 -0.380816 0.323866 0.263587 
-0.0677532 -1.17672 0.612316 -0.035256 
-0.144679 -0.706235 0.515978 -0.105703 
0.700795 1.00945 -0.506193 0.351417 
-1.56957 -0.891441 0.300727 -0.529493 
0.35668 -0.799732 0.521862 0.23275 
-1.93161 -0.465744 0.140385 -0.58223 
1.5036 -1.15452 0.367941 0.479191 
-0.556794 -0.193114 0.154423 -0.445239 
-0.727781 0.74742 -0.430249 -0.418944 
-0.80147 0.459967 -0.289506 -0.50445 
-0.753368 1.11652 -0.513868 -0.346733 
-1.67289 0.999554 -0.308343 -0.516053 
1.42661 0.321841 -0.13648 0.604968 
0.646268 -0.597207 0.388464 0.420377 
-0.760709 -0.772305 0.431196 -0.424721 
0.765875 -1.80914 0.552745 0.233997 
-0.913737 -1.38371 0.513522 -0.339107 
1.73354 -0.846049 0.264164 0.541267 
-1.09066 0.866813 -0.38598 -0.485656 
-1.8794 0.54563 -0.167474 -0.576858 
-0.657838 -1.76531 0.566734 -0.211192 
1.42624 -1.23248 0.395408 0.45757 
-1.10367 0.853094 -0.379393 -0.490829 
0.0658259 -1.25507 0.616612 0.03234 
-0.254921 -1.85417 0.59983 -0.0824675 
-1.20943 0.0297807 -0.0151445 -0.615038 
-0.681504 1.74036 -0.563917 -0.220822 
-1.82383 0.3531 -0.115226 -0.595167 
-0.284314 1.38927 -0.607804 -0.124387 
-0.157879 -0.0984247 0.0959446 -0.153901 
-0.367502 -0.750348 0.504422 -0.247053 
0.945001 0.179595 -0.109882 0.578178 
1.78727 0.746755 -0.232018 0.555309 
0.409771 0.697713 -0.478227 0.280866 
-0.707021 -0.599939 0.37671 -0.443947 
-1.35755 0.804317 -0.315006 -0.531679 
0.77927 -1.10076 0.505975 0.358199 
-0.911598 -0.602632 0.334271 -0.50565 
0.804034 -0.443427 0.280324 0.508292 
-0.575141 -1.01689 0.533238 -0.301593 
1.99654 -0.0546169 0.0163609 0.598078 
0.0199059 0.955768 -0.587374 0.0122333 
-1.78309 0.752045 -0.23392 -0.554622 
-0.783927 1.64189 -0.548858 -0.262055 
0.89723 0.362079 -0.220599 0.546644 
0.928271 -0.255802 0.156395 0.567535 
0.687826 0.680378 -0.414541 0.41908 
1.94798 -0.31738 0.0964366 0.591897 
0.973506 -1.62445 0.518313 0.310616 
-0.764988 0.496969 -0.315575 -0.485767 
-1.03743 -0.885661 0.402642 -0.471639 
-1.91903 -0.15691 0.0490989 -0.600486 
1.18296 -0.427446 0.209846 0.580751 
-0.371326 -1.79102 0.59506 -0.123372 
-1.47416 -0.484416 0.193135 -0.587744 
-0.33406 -1.87366 0.594366 -0.105971 
-0.982168 -0.40338 0.228998 -0.557575 
-0.340609 1.24496 -0.596716 -0.163255 
0.887848 1.32235 -0.512721 0.34425 
-0.585217 1.48301 -0.574416 -0.226673 
1.40385 -1.25825 0.40362 0.450326 
-0.513114 0.0295469 -0.0247834 -0.430391 
1.72967 -0.0219216 0.00776176 0.612422 
0.976647 0.45769 -0.256585 0.547516 
-1.61544 0.587954 -0.209631 -0.575975 
-0.435288 -1.03329 0.561112 -0.236377 
0.964194 0.468269 -0.263831 0.543245 
0.268383 -0.741179 0.515834 0.186785 
-0.480192 1.72603 -0.587293 -0.163388 
-0.809241 -1.0775 0.495686 -0.372278 
-1.5513 -0.686587 0.248454 -0.561365 
-0.226211 -1.70365 0.607626 -0.0806806 
-0.996726 -0.341217 0.194911 -0.569352 
-1.06691 1.51529 -0.495872 -0.349141 
1.43893 -0.293757 0.124037 0.607579 
-0.910384 0.276841 -0.1707 -0.561343 
-0.178316 -0.898752 0.568992 -0.11289 
-0.989789 0.963295 -0.43262 -0.444518 
0.109913 1.13333 -0.607511 0.0589181 
-0.315597 -0.148721 0.136445 -0.289548 
1.35525 -0.527219 0.224871 0.578044 
0.872841 -1.6075 0.534061 0.289984 
1.3738 -0.175927 0.0787929 0.615288 
-0.117888 1.7564 -0.609716 -0.0409236 
0.349695 -0.638361 0.464079 0.254223 
1.16785 0.543072 -0.260821 0.560884 
0.276714 -1.25495 0.603964 0.133173 
0.31871 -1.97062 0.59069 0.0955327 
1.77413 0.0678472 -0.0233253 0.609932 
-1.4236 0.177964 -0.076952 -0.615569 
0.262569 1.18435 -0.600818 0.133201 
-1.83449 -0.400475 0.129065 -0.591219 
-1.0009 -0.299067 0.171974 -0.575556 
1.25458 1.01205 -0.38738 0.480211 
-0.776555 0.120538 -0.084038 -0.541409 
0.400942 -1.42607 0.596823 0.167798 
0.112959 0.290905 -0.27132 0.105354 
0.196262 0.394099 -0.345062 0.171842 
0.8341 0.0127735 -0.00859532 0.561268 
1.49172 0.409002 -0.163619 0.596755 
-0.0946374 1.30748 -0.617579 -0.0447014 
-0.144077 0.277295 -0.25858 -0.134353 
1.02045 -1.64788 0.511608 0.316813 
-1.40682 -0.705579 0.277105 -0.552505 
0.025124 -1.79446 0.609388 0.00853197 
-0.811859 -1.33686 0.52853 -0.320971 
1.30006 -0.598674 0.259489 0.563497 
-0.489519 1.34511 -0.582969 -0.212157 
-0.965615 1.24392 -0.488238 -0.379003 
1.83878 -0.636448 0.196685 0.568248 
-1.68846 0.627964 -0.212329 -0.570906 
-0.00268675 1.25123 -0.617231 -0.00132537 
1.45073 0.0422475 -0.0180554 0.620002 
1.03193 0.758752 -0.366289 0.498168 
-1.63556 0.990172 -0.312418 -0.51605 
-0.801834 -1.46445 0.539393 -0.295335 
-1.38913 -0.756795 0.295599 -0.542583 
-0.287448 1.75168 -0.602337 -0.0988426 
0.0319651 -0.607913 0.479914 0.0252347 
-0.0694918 1.25511 -0.616525 -0.0341353 
-0.799032 -1.46709 0.540018 -0.294114 
-1.41439 -0.680154 0.267922 -0.557147 
-0.397836 -0.84468 0.527843 -0.248609 
-1.63455 -0.735643 0.250166 -0.555854 
1.04591 -0.424825 0.229382 0.564734 
0.982562 1.18518 -0.476491 0.395029 
-0.602948 -1.47262 0.571559 -0.234019 
0.0478597 -0.760224 0.539388 0.033957 
-0.973259 0.358751 -0.207435 -0.562753 
0.744289 1.45986 -0.548869 0.279834 
0.106361 1.27471 -0.616138 0.0514102 
0.503137 0.0122757 -0.0103634 0.424762 
0.76823 1.12607 -0.512266 0.349478 
-0.721337 -0.88221 0.472576 -0.3864 
0.314464 -1.30641 0.602644 0.145062 
-1.67857 0.0943013 -0.0344681 -0.613534 
0.256881 -0.761569 0.524073 0.176773 
-0.571891 1.47782 -0.576166 -0.222966 
-0.29778 -1.33913 0.605423 -0.134627 
1.53843 0.469776 -0.180219 0.590184 
0.265814 -1.25687 0.605075 0.127967 
-0.495511 0.691186 -0.459547 -0.329449 
-1.32987 0.542415 -0.234285 -0.574412 
0.237044 -0.0304249 0.0291835 0.227372 
-0.642393 -1.56146 0.568022 -0.233687 
-0.95851 -0.487823 0.274106 -0.538583 
0.0800313 -0.660191 0.501635 0.0608104 
0.942624 -0.993249 0.449853 0.426924 
0.628251 -1.61758 0.570696 0.221653 
-1.88148 0.530401 -0.163016 -0.578265 
0.466401 -0.702929 0.469734 0.311674 
-0.393266 1.23848 -0.589871 -0.187308 
-0.669431 0.587083 -0.378922 -0.432072 
-0.99224 0.0328367 -0.0196308 -0.593191 
0.43103 0.995809 -0.555545 0.240464 
-1.05065 0.501333 -0.263697 -0.552634 
1.32417 -1.15056 0.400995 0.461498 
-0.707166 -1.52678 0.557545 -0.258241 
0.0912783 0.722454 -0.52509 0.0663424 
1.21632 -1.41138 0.458996 0.395561 
0.858619 -1.05168 0.480311 0.392137 
-1.60895 0.752192 -0.258486 -0.552908 
-0.432026 -0.0392897 0.0345234 -0.379617 
1.13965 0.840942 -0.368363 0.499207 
0.717583 1.83192 -0.558731 0.218861 
0.315236 1.41304 -0.605408 0.135061 
-0.84275 -1.32987 0.522082 -0.330848 
0.991764 -0.0472114 0.0282222 0.592861 
0.692745 -0.563499 0.362999 0.446257 
1.53959 0.895037 -0.306638 0.527463 
0.249253 1.19257 -0.602663 0.125959 
1.05665 -1.25213 0.470848 0.397339 
1.44049 -0.804339 0.300164 0.537564 
-1.89569 0.498627 -0.152753 -0.580739 
-0.317973 0.510912 -0.40521 -0.252188 
1.24178 -1.50099 0.463221 0.383224 
-0.466283 -0.863669 0.520715 -0.281127 
1.0387 1.67843 -0.509941 0.315579 
-0.497786 -0.178255 0.148165 -0.413758 
1.14767 0.903655 -0.383669 0.48727 
-1.1058 1.48362 -0.48637 -0.362511 
-0.471012 1.24281 -0.579382 -0.21958 
-1.00429 -1.61951 0.512978 -0.318107 
-0.374685 -0.537813 0.411351 -0.286582 
1.36257 -1.04729 0.373541 0.485992 
-0.0518694 0.384097 -0.345824 -0.0467009 
0.881199 0.419542 -0.253997 0.53349 
-1.01897 0.146397 -0.0851484 -0.592656 
-1.29862 -0.935143 0.36075 -0.50097 
0.984103 -0.723117 0.364655 0.496265 
-0.899148 -0.622221 0.344965 -0.498497 
-1.50061 -0.315698 0.127451 -0.605813 
0.31384 -0.218253 0.197031 0.283323 
-1.48925 -0.979625 0.335251 -0.509657 
1.37416 0.792043 -0.308492 0.535221 
-1.20418 0.128019 -0.0650463 -0.611841 
-0.97088 0.129078 -0.0779439 -0.586266 
-0.702454 1.13892 -0.5275 -0.325346 
0.348155 -1.93542 0.590643 0.106248 
-1.04099 -1.45451 0.495834 -0.354869 
0.89479 -0.607954 0.340006 0.500424 
1.77676 -0.772269 0.239897 0.55193 
0.156072 1.97861 -0.597192 0.0471064 
1.41058 1.32194 -0.411686 0.439291 
-0.673561 -1.41456 0.558235 -0.26581 
0.11587 1.7355 -0.610687 0.0407724 
0.340261 0.568344 -0.432626 0.259008 
0.543845 1.64488 -0.581401 0.192228 
-0.520864 1.72249 -0.58313 -0.176332 
1.61993 -0.392723 0.144912 0.597744 
-0.136975 -1.73003 0.610312 -0.0483215 
-1.71666 0.890634 -0.277239 -0.534368 
0.718619 0.887243 -0.474499 0.384319 
0.012305 0.245015 -0.234507 0.0117773 
-0.133167 0.495911 -0.416084 -0.111731 
1.06883 -0.363326 0.196176 0.577109 
1.80063 -0.57049 0.182588 0.576301 
-0.512531 -0.263882 0.212791 -0.413298 
-0.256429 0.759824 -0.523561 -0.176694 
-0.213857 1.25623 -0.609348 -0.103733 
0.57501 -1.51961 0.57666 0.218203 
0.137284 1.22387 -0.612507 0.0687064 
1.42048 -0.342851 0.14551 0.602872 
-1.50067 -0.0203455 0.00840068 -0.619626 
-0.313021 1.29859 -0.602467 -0.145223 
-1.67403 0.936679 -0.29439 -0.526134 
-1.04439 -0.574089 0.295852 -0.538216 
-0.457432 -0.406503 0.320227 -0.360347 
-1.27184 0.196205 -0.0943037 -0.611297 
0.94503 -0.811893 0.402074 0.468008 
0.297875 0.599255 -0.454017 0.225681 
0.0835581 -1.25922 0.616308 0.0408965 
0.293855 0.611544 -0.46035 0.221204 
0.294473 -0.289024 0.256877 0.26172 
0.295637 -1.88635 0.596119 0.0934265 
0.729578 -1.66426 0.557141 0.244239 
1.50686 0.0908807 -0.0372972 0.618412 
0.925215 -0.247047 0.151636 0.567893 
1.15534 1.14404 -0.433801 0.438084 
0.954346 -0.263735 0.157985 0.571679 
-0.813913 -0.569502 0.340316 -0.486367 
1.27171 1.1835 -0.417029 0.448114 
0.729883 -1.1272 0.520293 0.336899 
0.573313 1.31929 -0.568945 0.247241 
1.3844 -0.429852 0.183932 0.592379 
0.450339 -0.640363 0.447432 0.314659 
-0.329728 0.230952 -0.206348 -0.294602 
-0.254555 0.753117 -0.521586 -0.176297 
1.23703 -0.741121 0.318807 0.532133 
1.17134 -0.587566 0.277623 0.553457 
-0.147485 0.258116 -0.242232 -0.138409 
0.112603 -1.76321 0.609545 0.0389271 
0.0899502 0.723255 -0.525436 0.0653477 
0.234654 1.71312 -0.606835 0.0831211 
-1.9361 -0.271025 0.0832899 -0.594993 
1.98964 -0.0982097 0.0295119 0.597885 
0.107241 1.45404 -0.618532 0.0456191 
-0.673717 0.951328 -0.499799 -0.35395 
1.56967 -1.0781 0.341776 0.497615 
-0.4435 -0.437824 0.342309 -0.346746 
-1.0186 -1.09958 0.454626 -0.421142 
0.245973 0.116766 -0.110667 0.233127 
0.721042 0.885763 -0.473574 0.385506 
0.28935 0.616379 -0.463202 0.217443 
-1.9454 -0.280363 0.0856108 -0.594043 
1.52773 -0.778436 0.27836 0.5463 
0.58321 -1.36429 0.570033 0.243679 
-1.11113 0.710553 -0.333691 -0.521809 
-0.359973 -1.23525 0.59382 -0.173049 
-0.708726 0.546057 -0.351317 -0.455973 
1.76099 -0.849231 0.260968 0.54115 
0.148951 -1.57919 0.615028 0.05801 
0.381883 -1.23738 0.591253 0.182474 
-0.829605 -0.751594 0.408689 -0.451108 
-0.275696 -0.618217 0.465884 -0.207763 
0.136261 -1.35203 0.616946 0.0621771 
0.518188 0.0817281 -0.0681064 0.431821 
0.435876 -1.22942 0.583447 0.206854 
-0.416748 0.302948 -0.253911 -0.349292 
0.796008 -1.63916 0.546982 0.265626 
0.0171463 -1.25012 0.617132 0.00846441 
0.486713 0.343472 -0.273508 0.387571 
-0.276986 -1.17795 0.598906 -0.140828 
0.814272 0.73193 -0.405355 0.450958 
-1.66844 -0.40201 0.143607 -0.596005 
-0.181852 0.824399 -0.55065 -0.121467 
0.767425 1.53034 -0.548177 0.274896 
-0.479325 -1.49624 0.588703 -0.188593 
1.13909 0.890369 -0.382007 0.488719 
-0.278447 -0.769542 0.5239 -0.189565 
0.738117 -1.66037 0.555877 0.247115 
1.58295 -0.755452 0.263327 0.551768 
-0.637943 -1.5327 0.568069 -0.236442 
0.379177 -1.87182 0.591358 0.119792 
-1.03175 -1.49974 0.501045 -0.344694 
1.00265 0.0239681 -0.0142201 0.594868 
-1.84652 -0.610294 0.188724 -0.571006 
0.0144052 -1.47914 0.619961 0.00603772 
-0.011343 1.25277 -0.617273 -0.00558899 
0.758378 1.07864 -0.506676 0.356236 
1.23083 1.28693 -0.440924 0.421705 
-0.474263 -1.6132 0.589543 -0.173319 
-1.3731 0.00525826 -0.00237511 -0.620218 
0.579976 1.36239 -0.570434 0.242836 
0.394768 -1.23877 0.589697 0.187923 
-1.75358 -0.0951415 0.0331169 -0.610385 
-0.362656 -1.14507 0.586042 -0.185606 
-1.58311 0.430699 -0.161715 -0.594412 
-1.01233 -1.23994 0.478197 -0.390416 
-1.61327 1.15565 -0.348862 -0.487003 
-0.291507 1.25098 -0.602317 -0.140353 
1.09195 1.5912 -0.496562 0.340763 
-0.963258 0.288422 -0.170789 -0.570394 
1.09831 -0.735737 0.344754 0.514648 
0.148217 -0.764814 0.535874 0.10385 
-1.76384 0.792177 -0.24665 -0.549182 
0.166544 -0.729748 0.522725 0.119297 
-0.867185 -1.12698 0.491683 -0.378339 
0.497076 0.365974 -0.287276 0.390187 
-0.62034 -0.99781 0.52066 -0.323695 
-0.392652 -1.66578 0.596906 -0.140701 
0.458242 -0.656534 0.452815 0.316052 
-0.844045 -0.287357 0.1853 -0.544277 
1.97998 -0.171632 0.05172 0.596653 
-1.44162 0.780889 -0.293421 -0.541692 
-1.99461 0.0564421 -0.0169267 -0.598174 
-0.513651 0.967681 -0.535647 -0.284325 
0.237385 -0.273815 0.249612 0.216403 
0.251502 1.75007 -0.604517 0.086875 
-0.936424 -0.551587 0.307328 -0.521747 
0.438544 0.165704 -0.142765 0.377835 
0.768001 -1.59657 0.550208 0.264668 
-1.85809 0.597057 -0.183855 -0.572173 
1.68133 -0.21561 0.0780915 0.608958 
0.10862 1.71164 -0.611879 0.0388294 
0.424203 -0.352831 0.289067 0.347541 
1.06112 0.781531 -0.367298 0.498696 
-0.460532 1.37521 -0.588169 -0.196967 
1.40934 -1.08246 0.371751 0.484011 
1.61621 0.557969 -0.200151 0.579756 
-1.17333 -1.11459 0.424788 -0.447175 
-1.86701 0.573561 -0.176463 -0.574407 
-0.963484 -0.0227624 0.0139075 -0.588675 
0.57466 -1.19253 0.558071 0.268926 
-1.36583 0.473818 -0.203303 -0.586041 
1.02497 1.48406 -0.501107 0.34609 
-0.457089 0.26418 -0.219694 -0.380118 
-0.317852 0.818089 -0.533047 -0.207105 
-1.80597 -0.44176 0.144021 -0.588778 
0.12098 -0.132613 0.129496 0.118136 
-0.829145 0.413326 -0.259688 -0.520943 
-1.01254 -0.152281 0.0889365 -0.591353 
-1.00614 -0.284278 0.16336 -0.578177 
1.55091 1.17627 -0.363353 0.479079 
1.36224 -1.29756 0.417236 0.438034 
-0.875277 -1.15364 0.494157 -0.374922 
-0.493402 1.21378 -0.573599 -0.233167 
0.932483 -0.0121752 0.00761466 0.583199 
0.922571 -1.01106 0.458123 0.418028 
-1.76052 -0.900766 0.273053 -0.533674 
0.780901 0.814764 -0.440037 0.421749 
0.106955 -0.257092 0.243088 0.101129 
-1.06825 0.0853362 -0.0480886 -0.601977 
0.0288674 -1.75463 0.611259 0.0100565 
-1.30114 -0.331566 0.153061 -0.600645 
-1.07101 -1.23634 0.465739 -0.403456 
0.699274 -1.34569 0.549633 0.285612 
-0.656694 1.03178 -0.51961 -0.330714 
0.937928 1.03611 -0.459921 0.416338 
-0.899991 0.297974 -0.184214 -0.556395 
1.81566 0.193461 -0.0644053 0.604455 
0.925913 -0.149836 0.0933338 0.576756 
0.369452 0.539868 -0.413287 0.282829 
-1.82748 0.662752 -0.205047 -0.565399 
-1.41089 -0.699266 0.274472 -0.553793 
-1.60041 1.04035 -0.328879 -0.505926 
0.244983 -0.826717 0.544872 0.161463 
-0.516643 -0.0417939 0.0349625 -0.432195 
0.176799 1.61875 -0.612797 0.0669292 
0.430219 -1.52169 0.594589 0.168105 
1.15715 0.368026 -0.186539 0.586519 
-0.524643 -0.130301 0.107508 -0.432872 
1.4938 -0.0531402 0.0220339 0.619385 
-0.0450946 -0.17333 0.169274 -0.0440393 
0.498005 -1.21135 0.57266 0.23543 
0.310796 -0.562012 0.433776 0.23988 
0.390751 1.78186 -0.593854 0.130229 
0.98574 0.383412 -0.218331 0.561322 
0.510413 0.261869 -0.211552 0.412339 
-1.49071 0.062167 -0.0258258 -0.61928 
0.370087 -1.79848 0.594885 0.122414 
-0.74782 -0.854118 0.459006 -0.401882 
-0.282138 -0.182783 0.168679 -0.260368 
0.150902 -1.26241 0.613643 0.0733517 
-0.817609 -1.45386 0.536062 -0.301466 
0.760262 -0.308947 0.209979 0.516719 
0.901235 -1.57242 0.52799 0.302618 
0.0475732 0.737717 -0.531961 0.0343045 
0.571913 1.62439 -0.578027 0.203511 
-1.26597 -0.447772 0.206689 -0.584367 
-1.59121 -0.929242 0.30611 -0.524174 
0.344525 -1.74824 0.598557 0.117957 
0.754182 1.14364 -0.517747 0.341433 
-1.02168 -1.28698 0.482401 -0.382957 
1.93185 0.210839 -0.0652559 0.597918 
-0.30097 -1.71455 0.602768 -0.105809 
0.775009 -1.73316 0.551383 0.246559 
-0.203532 -0.328809 0.296176 -0.183332 
0.922093 1.25785 -0.4988 0.365655 
0.223178 1.71638 -0.607314 0.0789683 
1.58382 0.982992 -0.319501 0.514788 
1.03909 -0.404287 0.220569 0.566903 
1.99312 -0.0725112 0.0217584 0.598076 
-0.358177 0.25237 -0.221226 -0.313975 
-1.85806 0.36077 -0.115186 -0.593239 
0.520226 0.218982 -0.177961 0.422776 
-0.886682 -0.647837 0.357912 -0.489868 
-1.50145 -0.00954679 0.00394003 -0.61966 
0.823807 1.12284 -0.500173 0.366969 
-0.81369 -1.09695 0.49808 -0.369463 
-1.59432 1.10927 -0.343549 -0.493772 
1.3572 -0.570307 0.240213 0.571654 
0.927763 0.540019 -0.303894 0.522096 
1.78254 0.308963 -0.10396 0.599787 
-0.583221 0.909696 -0.509211 -0.326463 
-0.328116 -0.265228 0.234563 -0.290179 
0.000536879 1.02778 -0.598523 0.000312647 
-0.137752 1.26111 -0.614258 -0.0670958 
-1.41132 0.398684 -0.168584 -0.596778 
0.920338 -1.01493 0.45943 0.41661 
1.37696 1.40013 -0.42799 0.420908 
1.21121 -1.41642 0.460493 0.393777 
-1.00637 -1.29898 0.4869 -0.37722 
1.18981 -0.666736 0.303151 0.540981 
0.834111 1.5978 -0.539921 0.281859 
-1.12736 0.827951 -0.36722 -0.500018 
-0.540459 0.317414 -0.24757 -0.421537 
1.07579 -0.555103 0.282131 0.546768 
1.08576 1.36745 -0.479089 0.3804 
0.709109 -1.35203 0.548369 0.287608 
0.210922 1.89175 -0.600007 0.0668979 
0.117971 -0.745675 0.531662 0.0841123 
-0.839005 0.674974 -0.378895 -0.470974 
-1.93467 0.252199 -0.0776903 -0.59598 
1.84337 0.438292 -0.139764 0.587821 
0.390665 -0.454588 0.361109 0.310331 
0.460123 0.979045 -0.547547 0.257332 
1.43238 -0.35043 0.147348 0.602283 
-0.873426 1.03418 -0.473675 -0.400045 
0.00506056 -1.4595 0.620195 0.00215042 
0.43781 -0.713433 0.479059 0.293983 
1.16126 -1.44693 0.472884 0.379521 
1.14657 1.15034 -0.436705 0.435273 
1.99819 -0.0173605 0.00519742 0.598221 
-1.9546 0.422964 -0.126508 -0.584618 
-1.02485 -0.854943 0.39697 -0.475862 
0.726504 0.876897 -0.470016 0.389405 
1.0137 0.0987492 -0.0579078 0.594445 
0.52678 -0.675322 0.447 0.348679 
-1.20195 -0.665306 0.300366 -0.542645 
-1.75735 -0.667917 0.214948 -0.565547 
0.537358 0.610264 -0.417067 0.367242 
0.0580436 -1.25867 0.616931 0.0284498 
0.496316 1.48823 -0.586481 0.195588 
0.397269 -1.23602 0.58918 0.189369 
-1.25285 0.708229 -0.305275 -0.540027 
-1.3187 1.12766 -0.397899 -0.465307 
0.377383 0.531372 -0.407464 0.289383 
1.4665 0.504802 -0.201368 0.584994 
-0.679634 -0.927372 0.493024 -0.361318 
-0.302323 -0.0654786 0.0611413 -0.282297 
0.184749 1.78645 -0.606149 0.062686 
-1.26827 0.646697 -0.281819 -0.552691 
-0.481652 -1.08008 0.560393 -0.249902 
1.58803 -0.209775 0.0808411 0.611979 
0.0666984 0.732019 -0.529442 0.0482405 
-1.30266 0.595458 -0.25791 -0.564218 
-0.778093 0.473121 -0.30079 -0.494678 
-0.467436 -1.22734 0.578704 -0.220401 
-0.21883 -1.50815 0.612852 -0.0889238 
-1.50175 -0.308165 0.124445 -0.606447 
-0.0574156 1.18689 -0.613235 -0.029665 
-0.16924 -0.692635 0.508886 -0.124342 
-0.695819 0.12472 -0.0920297 -0.513439 
-0.53674 1.84735 -0.578657 -0.168127 
0.97089 -0.121886 0.0736514 0.586674 
1.0168 1.12563 -0.459641 0.415202 
-1.78529 0.200613 -0.0680447 -0.605544 
-1.38856 0.679689 -0.272053 -0.555786 
-0.0521073 1.70414 -0.613252 -0.0187514 
-1.28329 0.723024 -0.304369 -0.540221 
-1.43588 -0.0661274 0.028539 -0.619692 
0.793421 -0.45826 0.290124 0.502314 
-0.98823 0.927974 -0.424431 -0.45199 
0.187107 0.511813 -0.42113 0.153955 
-1.89191 -0.465591 0.143661 -0.58376 
-0.782106 -0.0222322 0.015539 -0.546644 
-0.92579 -0.688236 0.36485 -0.490783 
-1.76651 0.78619 -0.244786 -0.550016 
-1.26538 0.936962 -0.367809 -0.496732 
0.600194 -1.70331 0.574278 0.202358 
1.4636 -0.196621 0.0825525 0.6145 
-0.18239 0.383853 -0.338911 -0.161036 
0.233991 -0.304217 0.274426 0.211078 
0.89925 0.633068 -0.349334 0.496216 
1.46746 0.507579 -0.202225 0.584653 
0.857356 -0.375247 0.234107 0.534884 
-1.11454 -1.19019 0.449901 -0.421304 
-0.916273 0.27173 -0.167026 -0.563212 
-0.867419 0.356575 -0.22213 -0.540364 
-0.668405 1.43475 -0.56006 -0.260914 
1.38774 0.750332 -0.293931 0.543624 
0.0233277 -1.23716 0.616514 0.0116249 
0.558726 -1.68998 0.579321 0.19153 
0.955805 -0.984944 0.445094 0.431926 
-1.27847 0.930392 -0.363584 -0.499607 
0.785536 -1.09764 0.504145 0.360797 
0.889515 -1.59948 0.53106 0.295338 
-0.330287 0.500659 -0.397601 -0.2623 
0.851322 0.709563 -0.389064 0.466793 
0.194582 1.62905 -0.61167 0.0730609 
1.34305 -0.52052 0.224173 0.578412 
-0.138817 -0.904216 0.573076 -0.0879795 
-0.445286 1.32921 -0.588256 -0.197066 
1.22502 1.30374 -0.444347 0.417517 
1.37755 -0.452649 0.19363 0.589278 
-0.873576 1.61688 -0.534273 -0.28866 
1.12813 0.972867 -0.404807 0.469411 
1.2495 -1.55272 0.466319 0.375253 
-0.922545 1.58373 -0.524952 -0.305792 
0.890236 -0.319793 0.198015 0.551232 
-0.246235 0.27321 -0.248411 -0.223884 
1.71984 -0.359736 0.125144 0.598293 
-0.0291347 1.25336 -0.617167 -0.0143462 
-1.17909 1.43785 -0.468687 -0.384341 
0.0530179 1.18685 -0.613325 0.027398 
1.01179 0.173607 -0.101191 0.589742 
0.338399 0.574806 -0.436154 0.256771 
-0.944224 -0.667456 0.353119 -0.499543 
0.253066 0.514401 -0.415665 0.204492 
-0.525251 1.06951 -0.551262 -0.270733 
-0.904383 -0.620839 0.343294 -0.50008 
0.219431 -0.763692 0.529057 0.152014 
-0.569099 0.330807 -0.252534 -0.434444 
-0.2121 1.79421 -0.60464 -0.0714765 
-1.82159 0.677006 -0.209536 -0.563789 
0.702911 1.11779 -0.524357 0.329736 
-1.48778 -0.406007 0.162933 -0.597052 
-1.27549 -1.36139 0.442085 -0.41419 
-0.0209345 1.97418 -0.599631 -0.00635857 
1.50882 0.11888 -0.0486571 0.617553 
1.8095 -0.805405 0.243693 0.547505 
1.59038 -1.16935 0.355237 0.483141 
-0.0778329 1.25877 -0.616455 -0.0381169 
0.273833 1.12806 -0.594809 0.144388 
-1.44575 1.34952 -0.409049 -0.438217 
-0.264838 -1.91899 0.59617 -0.0822769 
0.574271 1.16479 -0.555079 0.273667 
0.218822 -1.3283 0.611652 0.100763 
0.964574 -1.2945 0.494675 0.3686 
1.00345 1.30377 -0.488043 0.375623 
0.575641 0.494003 -0.351306 0.409363 
-1.11153 1.47901 -0.484938 -0.364447 
-0.380133 0.765987 -0.507521 -0.251865 
1.14757 1.14773 -0.436047 0.435986 
-0.401578 1.28494 -0.591674 -0.184914 
-1.00005 0.950105 -0.427226 -0.449686 
-0.850738 -1.34264 0.521744 -0.330593 
0.0851863 -1.75458 0.610541 0.0296422 
-0.371266 1.71266 -0.597574 -0.12954 
-0.106538 0.55193 -0.449208 -0.0867101 
0.0586541 1.74678 -0.611323 0.0205273 
1.12963 -1.46979 0.480823 0.369546 
-1.05883 0.895157 -0.40049 -0.473716 
-0.321934 -1.16056 0.592545 -0.164369 
-0.859029 0.673848 -0.374051 -0.476845 
0.504113 0.108971 -0.0913027 0.422378 
-1.22085 -0.763058 0.328786 -0.52604 
1.5068 0.0679346 -0.0279046 0.618929 
0.271916 -0.0211137 0.0200076 0.257671 
-1.50754 -0.148272 0.060632 -0.616468 
1.03701 1.02213 -0.435386 0.441727 
-0.777395 0.825837 -0.444158 -0.418104 
0.14792 1.21959 -0.611719 0.0741932 
-0.517366 1.6558 -0.58439 -0.182596 
1.42341 1.40192 -0.419808 0.426245 
1.65507 -0.734662 0.246935 0.556302 
-0.129919 -1.07417 0.600648 -0.0726472 
-0.405347 -1.37527 0.595056 -0.175386 
0.00295274 -0.510806 0.429277 0.00248146 
-0.234422 0.76231 -0.526963 -0.162049 
0.320492 1.68967 -0.602171 0.114218 
0.675777 1.88216 -0.562965 0.202129 
1.91498 -0.32203 0.0997584 0.593222 
1.5043 0.275249 -0.111441 0.60905 
-0.611673 0.979896 -0.518868 -0.323889 
-0.539255 1.20003 -0.564893 -0.253846 
1.60705 -0.519286 0.18885 0.584443 
-1.12943 0.342234 -0.177891 -0.587067 
0.331259 0.17711 -0.160417 0.300037 
-0.521766 0.67564 -0.448147 -0.346083 
1.29386 -0.606223 0.263213 0.561776 
-0.039654 -1.65379 0.615352 -0.0147547 
-1.48639 -0.411634 0.165174 -0.596432 
-0.500489 1.61794 -0.586583 -0.181452 
0.199419 0.674686 -0.499031 0.1475 
1.72753 0.477675 -0.162452 0.587514 
1.44448 -1.21688 0.389495 0.462345 
-1.00918 -0.125676 0.073782 -0.592472 
1.9881 -0.0858803 0.0258398 0.598181 
-1.55763 -0.246665 0.0966635 -0.610408 
-1.47404 -0.478518 0.191038 -0.588478 
-0.0740192 0.763558 -0.539637 -0.0523124 
-0.831337 1.17316 -0.506147 -0.358672 
-1.49967 -0.0340817 0.0140796 -0.619535 
-1.2221 -0.550193 0.254439 -0.565166 
1.44129 -0.204756 0.0872366 0.614065 
-0.560835 0.655626 -0.431942 -0.369491 
1.8507 -0.607357 0.187466 0.571234 
-0.145834 -1.70212 0.611156 -0.0523625 
1.87254 -0.486372 0.151332 0.582631 
0.780122 -1.10067 0.505781 0.358483 
-0.636713 1.79498 -0.568931 -0.20181 
-0.81774 0.429071 -0.270183 -0.514925 
0.0970679 0.24239 -0.230692 0.0923834 
-0.434679 1.22931 -0.583607 -0.206361 
0.658532 -1.68457 0.566968 0.221639 
-0.507386 -1.33287 0.5798 -0.220714 
0.157226 0.855687 -0.560726 0.103029 
0.296685 -1.75246 0.601722 0.101869 
-0.946597 0.912152 -0.42971 -0.445937 
-0.321885 0.561678 -0.431996 -0.247567 
-0.55917 -0.786991 0.480242 -0.34122 
0.45005 -0.110086 0.0951455 0.388972 
1.16183 -1.44904 0.472979 0.379232 
0.0582044 -0.761868 0.539632 0.0412263 
1.09678 -0.664581 0.320464 0.528871 
-0.808047 1.63302 -0.545007 -0.269679 
0.662476 -1.73022 0.566386 0.216861 
-1.7818 0.755143 -0.234882 -0.554215 
0.333519 -1.61951 0.602905 0.124161 
-0.282222 -0.270459 0.243101 -0.253674 
0.161264 -1.03301 0.593622 0.0926702 
-0.0663956 -1.09573 0.60554 -0.0366925 
0.607055 -1.21802 0.554986 0.276602 
1.01679 -1.5086 0.504354 0.339934 
1.15639 -0.792211 0.350622 0.511805 
0.778638 0.602224 -0.362311 0.468446 
-0.195021 -1.47104 0.614553 -0.0814734 
0.198082 -0.284675 0.26143 0.181908 
-1.08707 -1.21643 0.459567 -0.410697 
0.420676 -1.73871 0.592631 0.143385 
0.838328 -0.228482 0.149846 0.549802 
-0.809937 0.152185 -0.10317 -0.549076 
0.240541 -1.34233 0.610405 0.109383 
-0.158977 -1.72863 0.609628 -0.0560658 
0.760919 -0.499947 0.317888 0.483825 
-0.891341 -0.300454 0.186782 -0.554117 
0.623266 1.77907 -0.57073 0.199945 
-0.415636 -1.81664 0.590642 -0.135135 
-0.148674 1.76317 -0.608503 -0.0513101 
1.1877 0.0442807 -0.0228745 0.613541 
-0.512571 -0.0440814 0.0369634 -0.429804 
-0.576091 -0.152193 0.121179 -0.458697 
1.40386 -1.25572 0.40323 0.450798 
-0.571555 -0.618415 0.413716 -0.382367 
0.142386 -0.292208 0.271004 0.132054 
-1.78329 0.706235 -0.221994 -0.560551 
1.14476 -1.46035 0.477192 0.374067 
0.909626 0.227521 -0.141757 0.566742 
0.506489 -0.686397 0.455491 0.336104 
-1.6946 -0.631761 0.212654 -0.570408 
-1.2009 -1.35987 0.456086 -0.40277 
0.400572 -1.65402 0.596426 0.144443 
-1.71691 -0.377466 0.131239 -0.596945 
0.191649 1.32548 -0.613404 0.0886911 
0.742517 0.863697 -0.462858 0.397917 
-0.877938 0.356012 -0.220204 -0.543031 
-1.24416 -0.033929 0.0168183 -0.61672 
-0.0589758 1.09497 -0.605654 -0.0326209 
-1.87817 -0.312134 0.0989715 -0.595531 
-0.589634 1.60637 -0.575717 -0.211323 
1.27331 0.974697 -0.375185 0.490128 
-1.7754 -0.212186 0.0723615 -0.605462 
-1.62552 0.426781 -0.156055 -0.594381 
1.31836 0.898602 -0.347779 0.510236 
0.244704 -1.6739 0.607625 0.0888273 
-1.84821 0.526802 -0.165208 -0.579609 
1.07978 0.000357495 -0.000200233 0.604788 
1.34214 -0.515882 0.22257 0.579045 
-0.116657 -1.22922 0.613743 -0.0582461 
-1.00529 -0.0626788 0.0370671 -0.594511 
-0.0859593 -0.727463 0.527099 -0.0622836 
0.026289 1.96866 -0.599932 0.00801136 
-0.375166 1.24244 -0.592433 -0.17889 
1.91914 -0.418893 0.128003 0.586442 
-1.2722 -0.222511 0.106588 -0.609418 
1.50019 0.0227389 -0.00939174 0.619619 
0.0839066 1.23778 -0.615359 0.041714 
-1.33124 -0.433648 0.192151 -0.589875 
-0.948562 -1.35525 0.504281 -0.352956 
0.293242 0.101302 -0.094555 0.273711 
1.41607 0.831363 -0.311856 0.531189 
-0.793894 -1.46885 0.540989 -0.292398 
0.962661 -0.153822 0.0932031 0.58329 
-0.367751 0.00182757 -0.00166171 -0.334378 
-0.912362 1.01734 -0.46169 -0.414051 
-1.00908 -0.24906 0.143785 -0.582553 
-0.0409343 0.884406 -0.572971 -0.0265197 
-1.49015 0.0783362 -0.0325384 -0.61896 
-0.250515 -1.72516 0.605521 -0.0879294 
0.484342 0.362571 -0.286942 0.383313 
0.0969661 0.590874 -0.469561 0.0770578 
1.1354 -0.8217 0.363721 0.50258 
0.0624359 0.555981 -0.453271 0.0509018 
-0.701013 1.59379 -0.560176 -0.246387 
1.45527 0.555916 -0.220717 0.577793 
-0.120542 -0.0688502 0.0678716 -0.118828 
-0.103155 1.75662 -0.61007 -0.0358256 
-1.17532 0.775156 -0.341571 -0.517903 
0.559847 1.02815 -0.538175 0.293046 
-0.016719 -0.0633677 0.0631644 -0.0166654 
-0.750449 -1.23949 0.530607 -0.321257 
1.12992 1.56042 -0.487937 0.35332 
0.778862 0.211903 -0.145453 0.534621 
1.03619 1.27491 -0.477979 0.38848 
0.82889 0.749979 -0.408301 0.451262 
-0.784961 -1.67134 0.54925 -0.257961 
1.35655 -0.559052 0.236284 0.573346 
1.31914 -0.566175 0.244674 0.570068 
-0.599739 -0.407681 0.296946 -0.436838 
0.7348 -0.334839 0.229784 0.504257 
1.86374 -0.591578 0.181757 0.572617 
0.025115 0.00407779 -0.00407581 0.0251028 
1.63175 -0.447797 0.162509 0.592174 
1.5318 -0.488049 0.18734 0.587992 
-0.533703 1.71631 -0.581832 -0.180926 
-0.496045 1.72476 -0.585704 -0.16845 
1.82744 -0.664782 0.205593 0.565161 
0.894404 1.46408 -0.523184 0.319612 
-0.285493 -1.38323 0.607596 -0.125405 
0.0972795 -1.85311 0.605492 0.0317855 
-0.85748 -0.701368 0.384705 -0.470334 
-0.0880702 -0.820074 0.555671 -0.059675 
-0.866186 0.354342 -0.221068 -0.5404 
-0.291751 -1.52717 0.607601 -0.116076 
-0.26914 -0.800498 0.534562 -0.179728 
0.526858 -1.20483 0.567414 0.248124 
-0.252159 -0.678445 0.494656 -0.18385 
-0.0659329 0.316991 -0.294155 -0.061183 
0.519908 1.79933 -0.581608 0.168053 
-0.519109 0.792543 -0.490196 -0.321074 
-0.35682 1.43922 -0.601727 -0.149184 
1.50595 0.251757 -0.1021 0.610736 
-1.10561 0.851084 -0.378415 -0.491585 
-1.30159 1.34684 -0.435331 -0.420705 
-0.988312 0.949032 -0.429564 -0.447344 
0.562485 -1.1931 0.560246 0.264127 
0.692053 0.690796 -0.417639 0.418398 
0.93123 -1.58068 0.52336 0.308328 
-0.382894 -0.526931 0.404167 -0.293688 
-0.43508 1.30328 -0.588313 -0.196399 
1.73043 -0.410362 0.140809 0.593767 
0.160753 -0.861028 0.56176 0.10488 
-0.640434 0.185093 -0.140482 -0.486077 
-1.43638 -0.616985 0.244056 -0.568179 
-0.407322 -0.682071 0.472566 -0.282209 
-0.529389 -1.1673 0.563157 -0.2554 
0.523656 0.175386 -0.143646 0.428889 
-0.713368 -0.89085 0.4766 -0.381648 
-1.38703 -0.975133 0.353087 -0.502232 
-0.348079 -1.68213 0.600278 -0.124214 
0.915575 1.3795 -0.512809 0.34035 
1.21869 1.5193 -0.468981 0.376188 
0.828324 1.78049 -0.544268 0.253206 
0.997491 0.429207 -0.2393 0.556141 
-0.314634 1.24876 -0.599811 -0.151127 
0.987415 0.76149 -0.376825 0.488624 
-1.26083 0.660465 -0.287878 -0.54956 
-0.2728 0.759285 -0.521324 -0.187304 
1.48406 0.42031 -0.168644 0.595458 
-1.48285 -0.44692 0.178548 -0.592412 
0.80352 -1.63428 0.545728 0.268316 
1.62585 -1.0077 0.317779 0.512709 
-1.99926 -0.00877085 0.00262422 -0.598177 
-1.21414 -0.968834 0.385851 -0.483546 
0.918592 0.0461395 -0.0291346 0.580042 
-0.661646 -1.1041 0.530564 -0.317947 
-0.0685353 0.761887 -0.539304 -0.048513 
-1.22626 0.704162 -0.308944 -0.538009 
-0.953874 0.677208 -0.354706 -0.499618 
0.726059 -0.329677 0.227919 0.501955 
-1.71935 0.864611 -0.270701 -0.538311 
-0.219347 0.186618 -0.175792 -0.206623 
0.0726705 -1.25855 0.616584 0.0356025 
0.853137 -1.12118 0.493719 0.375684 
-1.58825 0.062373 -0.0242379 -0.617188 
0.238227 -1.75401 0.605075 0.0821805 
-0.547017 -1.6078 0.581101 -0.197706 
-0.0783794 0.76412 -0.539646 -0.0553541 
-0.255584 0.760159 -0.523774 -0.176105 
-0.922531 -1.27092 0.500286 -0.363147 
-0.939238 -0.481241 0.274518 -0.535777 
-0.162205 0.258947 -0.24218 -0.151701 
-1.44989 1.07584 -0.362844 -0.488999 
-0.16606 -1.21784 0.61058 -0.0832564 
0.245056 -0.275193 0.25013 0.222738 
0.752078 1.49788 -0.549346 0.275823 
-0.028764 -0.593642 0.473145 -0.0229255 
-0.804451 0.445803 -0.281508 -0.50798 
-0.692567 -1.50413 0.559053 -0.257412 
-0.0229275 0.928523 -0.582356 -0.0143798 
-1.7219 0.376157 -0.130398 -0.596911 
1.46093 0.526107 -0.209606 0.582047 
0.473647 -0.0613928 0.0526247 0.406 
1.59954 -0.825066 0.279267 0.541411 
-0.724219 1.12665 -0.52136 -0.335136 
0.411738 -0.157904 0.138201 0.360364 
0.0324896 1.58405 -0.61768 0.0126689 
-0.291971 -0.61511 0.462258 -0.219417 
-0.0259855 1.75311 -0.611347 -0.00906169 
0.276564 1.6863 -0.605288 0.0992711 
-0.0387986 1.59818 -0.61721 -0.0149838 
-1.74617 0.84648 -0.262437 -0.541372 
-0.757938 -0.234275 0.162448 -0.52556 
-1.64604 0.0930394 -0.0347477 -0.614751 
-0.0667065 0.71026 -0.521696 -0.0489969 
0.954866 -0.98236 0.444722 0.432275 
-1.27745 -0.969218 0.373083 -0.491731 
1.47841 0.463079 -0.184941 0.590436 
0.013239 -0.751923 0.537242 0.00945913 
0.0579688 -0.485036 0.413115 0.0493731 
-1.20312 -0.119078 0.0605912 -0.612189 
0.354197 1.14906 -0.587527 0.181105 
-1.8026 0.307779 -0.102286 -0.599066 
-0.0464189 -0.740294 0.532863 -0.0334123 
0.147249 -1.75628 0.608855 0.0510474 
-1.05061 -0.571308 0.293523 -0.539776 
-0.414994 -0.214722 0.185163 -0.357865 
-0.13934 -0.705858 0.516224 -0.101905 
-0.999901 -0.155329 0.0915391 -0.589265 
1.26824 0.982521 -0.378003 0.487928 
0.754943 0.136093 -0.0961842 0.533558 
-0.240224 1.26138 -0.60752 -0.115699 
-0.130945 -1.46333 0.617637 -0.0552688 
-1.0942 1.49301 -0.489247 -0.35856 
-0.98741 0.0513447 -0.0307886 -0.592095 
-1.17824 -1.11228 0.423347 -0.448451 
0.199408 -0.282528 0.259578 0.18321 
-1.47465 -0.483726 0.192827 -0.587839 
1.39006 0.744809 -0.291881 0.544745 
-1.54079 1.02081 -0.335095 -0.505784 
1.40781 -0.376725 0.160327 0.599137 
-1.50635 -0.0932329 0.0382723 -0.618359 
-0.733972 -0.0947688 0.0682969 -0.528951 
-0.90319 -1.17007 0.490794 -0.378848 
-1.16334 -1.06099 0.4165 -0.456678 
-0.823313 -0.758595 0.412472 -0.447661 
0.318053 -0.237777 0.213046 0.284973 
0.733049 -0.528036 0.337515 0.468558 
-0.36206 -0.550094 0.419851 -0.276337 
-0.813408 0.0836458 -0.0569737 -0.554037 
-1.43064 0.073393 -0.0317837 -0.619554 
0.35497 -1.24655 0.595144 0.169474 
-1.57538 -0.65514 0.235568 -0.566457 
-0.125949 0.456709 -0.39236 -0.108203 
0.39012 -1.18555 0.586179 0.192889 
1.50358 0.0389416 -0.0160425 0.619422 
0.375094 0.424367 -0.344444 0.304451 
0.623351 -0.361757 0.264336 0.455482 
-1.15437 0.799841 -0.353332 -0.509945 
0.172676 -0.76638 0.534417 0.120411 
1.30255 -0.675119 0.285362 0.550569 
0.509249 0.0292896 -0.0246255 0.428156 
-0.448034 1.88661 -0.58543 -0.139029 
-0.200731 -0.508293 0.417824 -0.165004 
-1.44754 0.255489 -0.10778 -0.610659 
-0.33968 1.75913 -0.598539 -0.115575 
1.0274 1.26705 -0.478738 0.388187 
-1.72435 0.859868 -0.268828 -0.5391 
0.64047 -1.16568 0.543045 0.29837 
-0.0705084 0.163585 -0.159797 -0.0688756 
1.3212 0.212705 -0.0985102 0.611886 
0.00411725 -1.7516 0.61149 0.00143734 
0.327689 -1.32241 0.601908 0.149151 
1.77132 0.529304 -0.173702 0.581296 
0.896965 -1.51474 0.525813 0.311364 
0.964145 0.467876 -0.263652 0.543305 
0.774359 0.822751 -0.443926 0.417815 
0.648906 1.23438 -0.549111 0.288663 
1.00263 0.0210306 -0.0124781 0.594895 
-0.505108 -1.57727 0.586136 -0.187706 
1.60761 -0.334088 0.125332 0.603086 
-0.797915 -0.047692 0.0329247 -0.550851 
-1.03042 0.12594 -0.0727765 -0.59544 
0.591706 -1.02793 0.531973 0.306219 
-0.382503 0.187449 -0.165415 -0.337539 
1.80966 -0.705462 0.21848 0.560447 
-0.017732 0.914104 -0.579574 -0.0112427 
0.521421 0.131868 -0.108989 0.430954 
-0.831348 -0.741737 0.404924 -0.453843 
1.0071 -0.958825 0.427748 0.449287 
0.337188 0.572556 -0.435215 0.256305 
1.24284 -0.687739 0.300381 0.542832 
-1.18226 0.863405 -0.36575 -0.500822 
1.49459 -0.0389599 0.0161503 0.619561 
0.739808 -0.062171 0.0447292 0.532258 
-1.14405 1.20366 -0.445981 -0.423894 
0.365384 -1.74475 0.597081 0.12504 
-0.189216 0.287278 -0.264165 -0.173992 
-0.296908 -0.0696771 0.0651812 -0.27775 
1.06724 -0.450587 0.238004 0.563725 
1.80984 -0.696261 0.216047 0.561584 
0.205333 -1.25747 0.610029 0.0996115 
1.8127 -0.579365 0.183807 0.57509 
0.247595 -0.511743 0.414798 0.200691 
-1.36399 0.253277 -0.113251 -0.609901 
1.50707 0.0815056 -0.0334572 0.618638 
0.203672 -0.284874 0.2612 0.186746 
0.671696 1.54489 -0.563418 0.244966 
-1.51024 -0.183281 0.0746127 -0.61481 
1.11184 -0.192645 0.104056 0.600551 
-0.925326 -1.06022 0.467415 -0.407943 
-0.813442 0.879188 -0.45108 -0.417348 
-0.329281 -1.15904 0.59154 -0.168056 
0.777252 0.906136 -0.466265 0.399945 
-0.837427 -1.43679 0.531513 -0.309789 
-0.0951052 -0.53723 0.441865 -0.0782228 
0.304627 1.8274 -0.598232 0.0997251 
1.1443 -1.45946 0.477195 0.374148 
-0.0640646 -0.0283848 0.0282807 -0.0638297 
-0.926926 -1.36929 0.509743 -0.345066 
-0.36385 -0.0794421 0.0720683 -0.330078 
0.465641 1.17646 -0.57443 0.227358 
-0.859676 1.05255 -0.480246 -0.392243 
-1.06905 1.38485 -0.484121 -0.373722 
-1.28844 0.0855619 -0.0409934 -0.617303 
-0.495922 0.58332 -0.412704 -0.350869 
-1.3147 0.572061 -0.24752 -0.568846 
-0.682388 1.21563 -0.540958 -0.303663 
-0.783835 0.662756 -0.386331 -0.45691 
-1.35603 1.29824 -0.4185 -0.43713 
0.622401 -0.617921 0.402808 0.405729 
-0.210359 -0.852565 0.555318 -0.137017 
-1.66478 0.954356 -0.299825 -0.523014 
0.461734 -1.72985 0.589032 0.157226 
-1.22215 0.670651 -0.298441 -0.543857 
-1.05007 -0.953666 0.417101 -0.459266 
-0.766407 -1.48633 0.546478 -0.281785 
1.45887 -0.550987 0.218521 0.578584 
-0.658392 -1.30243 0.553499 -0.279799 
0.944327 -0.204169 0.124521 0.575937 
-1.01256 -0.169521 0.0988031 -0.590158 
-0.430028 1.73839 -0.591798 -0.146394 
0.270534 -1.15182 0.597369 0.140307 
-0.934974 -1.38402 0.509554 -0.344228 
-0.333412 0.467478 -0.377526 -0.269256 
-1.38704 -0.760684 0.297112 -0.541755 
0.513408 0.250932 -0.203007 0.415354 
-0.257014 -0.639772 0.477915 -0.191992 
-0.255748 1.25479 -0.60587 -0.123487 
-1.1323 0.820737 -0.364089 -0.502302 
-0.152422 1.2881 -0.614544 -0.0727193 
-0.522532 -0.144944 0.119464 -0.430676 
-0.865225 -1.16478 0.497924 -0.36987 
-0.435437 1.33108 -0.589636 -0.192887 
-1.77842 0.763886 -0.237555 -0.553054 
1.49596 -0.752967 0.27639 0.549119 
0.00465784 -0.540611 0.446033 0.00384296 
1.37551 0.78417 -0.305994 0.536743 
-1.9513 0.298492 -0.0906791 -0.592787 
1.68768 -0.915806 0.287498 0.529811 
1.05895 0.14984 -0.084574 0.597699 
0.0383234 1.19249 -0.613935 0.0197302 
0.562164 -1.74082 0.578296 0.186749 
0.973838 -0.731886 0.369894 0.492176 
-0.776715 0.47825 -0.30371 -0.493249 
0.103153 -0.287389 0.268804 0.0964825 
0.211999 -0.881638 0.562132 0.13517 
1.14469 -0.811352 0.358753 0.506143 
-1.61705 -0.00614194 0.00234279 -0.616811 
-1.50339 -0.0456499 0.0188062 -0.619344 
1.73546 -0.594524 0.196861 0.574653 
1.49681 0.566865 -0.218641 0.57732 
-0.515054 -0.25502 0.205877 -0.415802 
0.948158 0.51477 -0.288517 0.531421 
0.262556 0.893909 -0.559447 0.164319 
0.422466 -0.720351 0.484406 0.284091 
-0.242709 1.24714 -0.606601 -0.118052 
0.251097 -0.757654 0.5235 0.173495 
0.471653 -1.74268 0.58777 0.159079 
-0.671619 1.15116 -0.535233 -0.31227 
-0.986219 -0.393503 0.223383 -0.559855 
-1.27347 0.911657 -0.359914 -0.502755 
-1.17766 0.769033 -0.339211 -0.51945 
0.865959 1.42038 -0.525262 0.320235 
0.907307 -1.30289 0.506913 0.353005 
0.820054 -1.0804 0.493884 0.37487 
-0.208909 0.260024 -0.240244 -0.193017 
-0.829385 -0.749573 0.408051 -0.451499 
-1.07211 0.840776 -0.38267 -0.48796 
-1.7207 -0.94864 0.289785 -0.525629 
-1.04864 1.5183 -0.499352 -0.344886 
-1.33526 0.466086 -0.20446 -0.585744 
-0.251955 0.146358 -0.137681 -0.237017 
-0.887433 1.0332 -0.470409 -0.404042 
-1.9922 0.0823971 -0.0247329 -0.597992 
0.979607 -0.0589265 0.0355307 0.59067 
-1.02842 -1.06862 0.446686 -0.429882 
1.84629 0.649549 -0.199345 0.566621 
-0.160904 -0.299334 0.275776 -0.148241 
0.61855 0.878576 -0.494048 0.347828 
0.394867 -0.439039 0.35081 0.315515 
-0.842276 -0.228766 0.1496 -0.5508 
0.543046 -0.332864 0.257839 0.420647 
-0.0860092 -0.678513 0.508819 -0.0644985 
0.475673 -1.72787 0.587706 0.161792 
-0.324476 1.28087 -0.600468 -0.152113 
-1.47799 0.144234 -0.0602102 -0.616984 
-1.33819 -0.858222 0.333441 -0.519919 
1.34024 0.858848 -0.333219 0.51999 
-0.993192 0.148243 -0.0878688 -0.588701 
1.29623 1.12208 -0.401292 0.463576 
1.01107 -0.121885 0.0714805 0.592952 
0.429064 1.65497 -0.59371 0.153925 
-0.0459606 -1.79298 0.6093 -0.0156186 
-1.00887 -0.0688815 0.040614 -0.594852 
1.17961 -1.40532 0.465247 0.390521 
0.118439 -1.75781 0.609639 0.0410765 
0.960528 0.798762 -0.394599 0.474515 
0.475942 -1.21987 0.576811 0.225047 
-1.99854 0.0268517 -0.0080367 -0.598162 
-0.506809 0.683006 -0.454092 -0.336949 
-0.954374 0.986371 -0.445729 -0.43127 
-1.08492 1.49877 -0.491384 -0.355698 
-1.91616 -0.41878 0.128197 -0.586576 
-0.264504 0.758928 -0.522265 -0.182022 
1.05438 1.25656 -0.471905 0.395977 
1.68415 0.603243 -0.205605 0.574015 
-0.285523 -1.96661 0.592686 -0.0860496 
0.554803 -0.114911 0.0932574 0.450255 
0.189661 1.41407 -0.614881 0.0824704 
0.509465 -1.26875 0.575501 0.231092 
-0.977958 0.102692 -0.0618293 -0.588811 
-0.909039 -0.611046 0.338296 -0.503275 
-0.270936 0.41457 -0.351681 -0.229836 
-0.168737 0.0342918 -0.0335485 -0.16508 
-0.175658 0.288368 -0.265938 -0.161995 
-1.61316 0.523906 -0.189627 -0.583883 
-0.358828 0.224679 -0.198546 -0.317092 
-0.200479 0.283379 -0.260202 -0.184082 
1.38759 1.01034 -0.360856 0.495595 
-1.11802 0.838345 -0.372177 -0.496334 
1.07029 1.23813 -0.466138 0.402948 
0.732652 0.873333 -0.467688 0.392351 
1.108 -0.845947 0.376459 0.493078 
-0.252556 1.1164 -0.595788 -0.134782 
1.672 0.841661 -0.272233 0.540803 
-0.0700296 -0.422764 0.372551 -0.0617118 
-1.45506 0.300229 -0.125269 -0.607117 
-1.10321 -1.20467 0.454485 -0.416207 
-0.425957 0.456827 -0.356829 -0.332716 
0.00763922 1.75075 -0.611525 0.00266833 
-0.6076 1.04596 -0.531972 -0.309024 
1.73018 -0.209971 0.0737167 0.607433 
-1.52267 -1.22682 0.376921 -0.467818 
-0.793205 0.132638 -0.0912419 -0.545646 
-0.592861 1.03737 -0.533393 -0.304838 
-0.0775095 -0.640847 0.493512 -0.0596895 
0.931942 0.561034 -0.312362 0.518869 
0.375265 -0.734707 0.497751 0.254236 
0.73873 -0.517918 0.331352 0.472623 
0.364011 -1.61911 0.600349 0.134971 
0.546297 1.60621 -0.581188 0.197671 
-0.0895004 -0.104735 0.103268 -0.0882472 
-0.641225 -0.960039 0.508598 -0.3397 
-1.56665 0.563716 -0.208266 -0.5788 
-0.479607 0.0520826 -0.0445185 -0.409952 
